1661
1659
1653
1657
1657
1669
1671
1672
1682
1700
1697
1690
1682
1681
1680
1682
1681
1685
1685
1684
1691
1698
1694
1689
1682
1680
1688
1692
1707
1707
1694
1671
1653
1660
1687
1729
1744
1725
1704
1706
1720
1730
1730
1722
1713
1701
1693
1705
1722
1732
1726
1715
1706
1703
1693
1665
1634
1624
1605
1657
1672
1692
1681
1659
1642
1637
1644
1654
1665
1668
1668
1666
1661
1660
1660
1661
1660
1656
1654
1652
1649
1648
1647
1647
1650
1655
1669
1678
1672
1668
1663
1651
1641
1635
1641
1655
1680
1695
1690
1678
1678
1690
1703
1715
1712
1717
1720
1721
1719
1720
1709
1692
1676
1672
1669
1672
1669
1670
1667
1676
1684
1680
1676
1674
1665
1660
1656
1638
1618
1626
1681
1749
1777
1758
1731
1719
1728
1736
1729
1719
1721
1723
1722
1713
1707
1704
1708
1710
1711
1712
1720
1729
1734
1729
1731
1728
1717
1726
1741
1741
1712
1696
1697
1709
1719
1729
1735
1731
1715
1708
1714
1728
1730
1720
1698
1690
1699
1708
1715
1720
1732
1748
1747
1743
1750
1747
1745
1739
1739
1740
1730
1697
1649
1637
1661
1680
1701
1709
1706
1699
1691
1690
1685
1688
1677
1644
1632
1649
1661
1671
1667
1684
1701
1716
1713
1715
1727
1740
1734
1718
1707
1705
1686
1654
1640
1640
1647
1650
1667
1700
1736
1762
1766
1755
1737
1703
1680
1682
1689
1683
1656
1622
1607
1614
1625
1641
1665
1684
1684
1681
1679
1686
1687
1685
1689
1687
1686
1695
1687
1674
1672
1680
1687
1698
1703
1697
1700
1701
1697
1695
1681
1669
1650
1631
1626
1631
1638
1652
1666
1664
1657
1661
1665
1662
1657
1652
1659
1663
1663
1662
1655
1649
1650
1659
1663
1660
1660
1675
1708
1757
1785
1782
1759
1713
1656
1643
1682
1720
1728
1712
1694
1680
1690
1711
1736
1774
1795
1757
1688
1615
1590
1600
1615
1618
1609
1593
1599
1610
1623
1648
1663
1668
1670
1680
1687
1674
1664
1679
1696
1693
1662
1621
1597
1614
1669
1707
1711
1699
1705
1728
1761
1771
1766
1751
1748
1750
1748
1737
1715
1703
1729
1777
1788
1751
1684
1648
1657
1702
1752
1786
1792
1781
1748
1710
1685
1694
1711
1722
1712
1710
1712
1718
1712
1701
1690
1686
1689
1689
1691
1680
1672
1670
1683
1704
1723
1719
1715
1703
1679
1643
1619
1624
1660
1691
1696
1686
1680
1679
1668
1667
1677
1684
1678
1674
1673
1676
1679
1677
1661
1640
1631
1647
1670
1669
1659
1649
1650
1648
1648
1635
1633
1638
1661
1687
1709
1720
1715
1704
1688
1684
1696
1714
1717
1704
1685
1679
1686
1695
1687
1678
1678
1670
1671
1682
1680
1674
1676
1683
1688
1684
1689
1687
1678
1675
1677
1681
1697
1708
1698
1686
1667
1664
1698
1728
1729
1719
1720
1718
1714
1691
1662
1648
1653
1662
1657
1650
1636
1626
1627
1629
1641
1649
1649
1639
1651
1680
1699
1714
1707
1693
1690
1697
1707
1703
1681
1635
1581
1566
1616
1681
1696
1677
1664
1656
1651
1652
1654
1658
1657
1658
1660
1666
1674
1676
1668
1658
1661
1670
1674
1672
1661
1663
1667
1668
1670
1678
1705
1711
1698
1686
1694
1703
1707
1708
1713
1717
1719
1715
1713
1701
1695
1699
1698
1696
1703
1712
1718
1703
1680
1666
1674
1691
1709
1726
1731
1723
1715
1697
1676
1636
1600
1640
1677
1698
1696
1689
1685
1670
1653
1651
1654
1652
1651
1652
1653
1652
1646
1645
1645
1643
1645
1656
1663
1671
1684
1689
1688
1684
1678
1652
1643
1645
1643
1645
1663
1685
1683
1666
1643
1629
1642
1671
1693
1689
1675
1666
1664
1655
1656
1662
1660
1665
1658
1659
1677
1701
1717
1710
1700
1698
1696
1684
1658
1636
1622
1630
1642
1655
1659
1653
1653
1661
1662
1663
1665
1665
1667
1662
1655
1655
1666
1662
1658
1654
1658
1667
1678
1697
1716
1723
1721
1723
1730
1733
1723
1716
1723
1710
1682
1664
1684
1703
1701
1684
1673
1676
1680
1685
1681
1670
1653
1640
1628
1616
1612
1614
1617
1621
1629
1629
1624
1638
1663
1672
1669
1667
1670
1663
1662
1660
1660
1659
1666
1658
1645
1645
1673
1709
1729
1708
1675
1673
1692
1708
1702
1681
1664
1672
1673
1673
1681
1708
1734
1727
1706
1695
1692
1695
1683
1676
1684
1698
1715
1704
1675
1646
1617
1606
1623
1657
1668
1669
1662
1649
1641
1641
1648
1647
1650
1658
1662
1660
1668
1667
1660
1662
1694
1727
1739
1729
1715
1710
1716
1723
1711
1699
1693
1678
1666
1658
1660
1686
1700
1681
1656
1651
1660
1679
1689
1683
1665
1647
1640
1645
1644
1618
1560
1510
1527
1594
1646
1648
1622
1607
1613
1630
1653
1659
1658
1660
1658
1653
1657
1664
1676
1691
1698
1697
1692
1689
1685
1687
1692
1697
1702
1705
1703
1705
1695
1688
1682
1678
1685
1687
1696
1704
1648
1701
1706
1706
1707
1705
1702
1696
1708
1715
1717
1702
1689
1692
1699
1696
1686
1680
1684
1682
1678
1674
1687
1690
1689
1681
1680
1683
1685
1686
1684
1686
1691
1693
1692
1689
1680
1671
1672
1657
1629
1624
1641
1682
1699
1682
1661
1642
1633
1629
1628
1633
1638
1651
1660
1662
1659
1654
1645
1647
1651
1661
1680
1704
1705
1689
1683
1691
1694
1693
1689
1688
1686
1683
1681
1675
1659
1657
1661
1675
1691
1693
1690
1690
1683
1680
1686
1686
1670
1640
1631
1642
1664
1675
1674
1678
1683
1682
1671
1661
1651
1644
1643
1651
1656
1654
1654
1655
1657
1655
1643
1649
1666
1679
1699
1706
1703
1704
1695
1674
1653
1654
1685
1713
1721
1713
1707
1704
1701
1703
1703
1699
1699
1690
1685
1688
1700
1711
1701
1689
1694
1701
1702
1701
1709
1732
1752
1746
1716
1685
1659
1640
1619
1631
1674
1712
1714
1696
1700
1723
1742
1746
1734
1708
1680
1655
1649
1656
1654
1642
1630
1628
1630
1635
1662
1695
1723
1730
1723
1722
1723
1721
1716
1711
1711
1706
1692
1674
1670
1699
1743
1768
1771
1769
1754
1729
1715
1724
1734
1720
1701
1690
1702
1704
1713
1716
1721
1727
1733
1734
1725
1721
1728
1729
1727
1719
1707
1694
1695
1715
1715
1706
1710
1718
1728
1733
1726
1725
1731
1736
1724
1682
1634
1624
1647
1680
1688
1663
1625
1611
1624
1652
1693
1715
1706
1701
1701
1716
1725
1719
1691
1640
1591
1598
1655
1725
1745
1727
1715
1719
1728
1731
1729
1727
1729
1737
1746
1746
1726
1714
1710
1720
1726
1726
1739
1752
1753
1747
1736
1707
1663
1631
1640
1648
1657
1657
1660
1662
1660
1657
1653
1651
1655
1657
1674
1695
1705
1705
1702
1706
1713
1723
1719
1708
1710
1722
1741
1766
1777
1766
1757
1750
1740
1726
1713
1712
1718
1715
1718
1735
1746
1739
1713
1689
1684
1688
1673
1645
1625
1635
1665
1676
1673
1671
1677
1681
1668
1668
1668
1670
1669
1662
1659
1662
1657
1655
1653
1652
1651
1650
1657
1665
1661
1667
1678
1678
1674
1674
1668
1658
1651
1648
1649
1650
1650
1653
1661
1662
1678
1706
1730
1732
1715
1700
1704
1705
1693
1686
1687
1682
1678
1688
1684
1673
1678
1691
1709
1724
1717
1714
1715
1707
1694
1684
1692
1711
1705
1685
1645
1622
1640
1693
1736
1738
1713
1697
1683
1686
1691
1694
1692
1682
1671
1670
1676
1700
1719
1724
1720
1708
1696
1705
1718
1712
1694
1687
1686
1684
1691
1698
1692
1678
1673
1665
1670
1676
1684
1704
1717
1722
1726
1726
1726
1723
1709
1690
1675
1676
1681
1693
1697
1691
1713
1753
1768
1761
1748
1745
1727
1684
1616
1581
1598
1629
1639
1628
1624
1659
1692
1693
1670
1651
1645
1649
1651
1658
1669
1685
1692
1686
1687
1684
1695
1715
1725
1727
1728
1728
1727
1729
1741
1746
1743
1728
1714
1695
1674
1671
1677
1680
1669
1671
1703
1746
1743
1713
1694
1700
1725
1746
1749
1736
1723
1724
1727
1732
1734
1743
1755
1777
1785
1780
1769
1753
1735
1719
1694
1661
1636
1636
1647
1651
1665
1703
1744
1770
1773
1769
1768
1760
1753
1726
1694
1677
1678
1691
1688
1667
1668
1692
1744
1802
1832
1817
1769
1708
1653
1636
1654
1671
1668
1663
1659
1660
1661
1666
1669
1666
1667
1676
1690
1693
1687
1685
1675
1665
1644
1627
1625
1629
1630
1635
1637
1641
1664
1698
1715
1708
1704
1707
1707
1705
1704
1700
1699
1696
1701
1710
1715
1717
1720
1723
1719
1703
1689
1693
1709
1715
1702
1685
1688
1700
1703
1698
1694
1693
1714
1754
1782
1796
1783
1776
1772
1763
1733
1694
1662
1647
1661
1683
1689
1690
1689
1698
1699
1693
1696
1691
1693
1696
1702
1716
1709
1683
1665
1668
1710
1761
1779
1764
1733
1696
1672
1671
1670
1660
1647
1641
1655
1679
1696
1699
1684
1666
1658
1672
1672
1662
1656
1658
1666
1676
1691
1691
1671
1636
1622
1639
1670
1691
1707
1724
1724
1702
1688
1694
1707
1720
1712
1685
1678
1682
1693
1688
1689
1688
1687
1692
1705
1707
1704
1703
1689
1674
1683
1701
1704
1690
1669
1655
1672
1703
1728
1738
1732
1716
1697
1708
1726
1727
1714
1698
1680
1665
1676
1680
1680
1689
1696
1713
1728
1725
1697
1664
1646
1649
1659
1662
1664
1657
1648
1641
1661
1673
1674
1678
1683
1687
1699
1701
1694
1687
1682
1677
1686
1685
1675
1663
1662
1685
1728
1766
1767
1740
1709
1688
1673
1674
1668
1688
1688
1684
1666
1659
1677
1697
1714
1721
1716
1716
1714
1712
1706
1703
1705
1703
1699
1701
1703
1697
1684
1665
1663
1680
1693
1691
1691
1700
1706
1698
1682
1663
1641
1626
1628
1633
1644
1651
1670
1703
1717
1717
1719
1722
1730
1727
1722
1709
1696
1693
1693
1692
1683
1687
1696
1709
1713
1707
1711
1738
1765
1763
1741
1739
1746
1747
1733
1712
1708
1726
1724
1716
1717
1714
1728
1732
1733
1722
1690
1645
1596
1587
1607
1631
1646
1645
1641
1649
1654
1664
1694
1758
1809
1806
1771
1723
1701
1709
1719
1722
1713
1719
1728
1726
1725
1718
1710
1701
1696
1716
1724
1724
1727
1728
1720
1714
1706
1687
1656
1644
1651
1656
1667
1684
1702
1715
1725
1716
1696
1670
1643
1637
1647
1666
1680
1696
1729
1769
1769
1742
1715
1721
1735
1737
1739
1744
1740
1733
1737
1737
1737
1735
1738
1739
1732
1731
1731
1736
1738
1731
1720
1710
1709
1709
1704
1668
1623
1610
1618
1634
1655
1665
1668
1667
1669
1661
1662
1668
1677
1696
1728
1731
1715
1710
1712
1715
1701
1690
1693
1694
1690
1692
1695
1685
1676
1655
1644
1639
1637
1644
1645
1639
1626
1618
1636
1656
1664
1656
1662
1676
1686
1700
1697
1676
1669
1685
1703
1698
1683
1686
1689
1675
1671
1668
1670
1666
1677
1697
1716
1713
1687
1691
1701
1700
1690
1689
1708
1713
1699
1692
1693
1694
1694
1696
1697
1693
1696
1707
1707
1713
1712
1706
1701
1699
1693
1691
1682
1679
1673
1671
1667
1669
1672
1669
1669
1672
1675
1685
1701
1713
1722
1732
1735
1731
1733
1735
1727
1717
1711
1704
1701
1704
1717
1720
1721
1718
1712
1704
1699
1701
1703
1712
1725
1720
1716
1713
1713
1709
1705
1712
1722
1722
1721
1717
1705
1678
1651
1630
1627
1641
1670
1691
1686
1661
1625
1619
1640
1675
1695
1687
1683
1683
1686
1683
1671
1669
1679
1673
1669
1664
1660
1675
1699
1714
1719
1708
1695
1688
1675
1654
1623
1604
1616
1626
1633
1649
1679
1694
1690
1690
1693
1696
1700
1699
1701
1697
1699
1709
1708
1707
1709
1714
1719
1724
1722
1730
1745
1751
1734
1724
1728
1747
1751
1740
1708
1648
1618
1646
1683
1702
1698
1682
1681
1678
1689
1710
1720
1721
1720
1725
1716
1698
1685
1675
1680
1681
1680
1683
1683
1684
1694
1706
1715
1707
1698
1695
1692
1683
1654
1613
1584
1592
1616
1634
1632
1612
1614
1639
1669
1677
1653
1640
1657
1675
1682
1672
1667
1667
1666
1655
1641
1649
1672
1680
1681
1680
1676
1667
1672
1669
1660
1652
1653
1656
1646
1646
1654
1668
1664
1663
1664
1667
1690
1741
1778
1772
1752
1748
1747
1734
1705
1665
1631
1638
1669
1703
1720
1734
1740
1729
1700
1670
1655
1673
1707
1727
1730
1717
1695
1693
1692
1689
1692
1692
1692
1694
1696
1694
1688
1696
1701
1694
1663
1634
1633
1655
1673
1665
1640
1644
1669
1686
1684
1682
1684
1691
1709
1711
1696
1679
1639
1628
1633
1655
1682
1686
1673
1654
1650
1664
1667
1662
1667
1668
1656
1638
1640
1645
1660
1678
1678
1662
1664
1677
1724
1763
1742
1679
1609
1603
1649
1702
1708
1677
1633
1620
1640
1678
1706
1725
1733
1730
1715
1698
1693
1695
1695
1693
1691
1693
1703
1711
1714
1713
1713
1711
1711
1706
1698
1702
1721
1729
1722
1711
1711
1719
1721
1715
1703
1695
1695
1695
1701
1710
1707
1696
1659
1607
1582
1606
1635
1646
1665
1694
1713
1707
1710
1726
1748
1757
1740
1716
1707
1707
1702
1689
1677
1679
1679
1687
1693
1689
1681
1680
1684
1695
1694
1694
1694
1692
1692
1688
1686
1683
1682
1690
1698
1698
1687
1673
1665
1656
1656
1660
1659
1662
1656
1660
1668
1664
1663
1658
1659
1675
1705
1726
1725
1712
1703
1709
1724
1742
1747
1738
1716
1677
1655
1682
1711
1715
1688
1660
1682
1735
1765
1752
1711
1696
1700
1707
1707
1691
1676
1677
1685
1696
1702
1695
1696
1700
1705
1709
1735
1747
1735
1706
1670
1634
1627
1646
1671
1683
1702
1721
1744
1749
1751
1743
1721
1699
1693
1688
1680
1671
1653
1638
1640
1650
1657
1676
1698
1694
1681
1675
1682
1694
1696
1699
1696
1688
1676
1679
1680
1677
1680
1690
1702
1713
1712
1709
1695
1676
1662
1665
1683
1693
1688
1685
1688
1687
1690
1692
1697
1700
1710
1718
1717
1709
1702
1693
1691
1694
1692
1686
1677
1678
1695
1726
1746
1741
1737
1730
1729
1735
1732
1721
1664
1661
1651
1666
1671
1662
1658
1673
1707
1754
1772
1749
1723
1712
1727
1746
1750
1742
1716
1693
1684
1684
1670
1664
1663
1662
1684
1726
1749
1735
1730
1727
1710
1684
1656
1640
1632
1630
1627
1631
1641
1654
1669
1671
1665
1669
1672
1672
1677
1681
1675
1658
1656
1660
1669
1678
1688
1691
1691
1691
1692
1692
1697
1695
1698
1720
1753
1754
1720
1698
1708
1726
1729
1725
1723
1713
1707
1705
1713
1711
1710
1710
1700
1688
1673
1671
1672
1673
1670
1670
1669
1678
1695
1733
1765
1780
1772
1753
1733
1715
1711
1718
1718
1715
1713
1703
1697
1697
1706
1721
1723
1724
1730
1727
1714
1698
1690
1702
1709
1711
1708
1701
1698
1706
1720
1718
1717
1717
1714
1712
1712
1712
1710
1705
1686
1646
1611
1625
1671
1707
1712
1707
1711
1713
1710
1709
1717
1725
1721
1719
1716
1714
1715
1705
1706
1713
1714
1715
1711
1708
1704
1705
1704
1703
1698
1689
1677
1683
1690
1700
1705
1707
1709
1717
1723
1723
1717
1698
1664
1640
1641
1668
1702
1710
1685
1654
1626
1607
1609
1621
1648
1686
1725
1736
1729
1719
1723
1727
1717
1716
1711
1702
1682
1673
1675
1681
1681
1691
1693
1690
1689
1687
1679
1661
1651
1648
1648
1646
1651
1666
1664
1658
1662
1675
1678
1682
1688
1710
1743
1758
1755
1731
1690
1673
1680
1685
1663
1650
1673
1711
1725
1721
1709
1695
1695
1701
1698
1693
1692
1693
1691
1694
1716
1742
1752
1733
1709
1705
1691
1674
1648
1627
1630
1642
1659
1652
1647
1648
1646
1659
1681
1701
1716
1722
1711
1690
1672
1663
1664
1663
1668
1672
1670
1663
1660
1663
1665
1671
1671
1672
1685
1706
1722
1727
1724
1712
1705
1708
1703
1696
1673
1663
1671
1691
1699
1687
1680
1674
1654
1635
1619
1629
1637
1637
1640
1639
1638
1645
1644
1647
1664
1700
1737
1746
1744
1737
1727
1709
1683
1656
1646
1651
1669
1677
1672
1665
1672
1675
1690
1686
1689
1713
1758
1798
1791
1741
1679
1655
1678
1729
1764
1769
1744
1724
1726
1733
1725
1716
1711
1710
1695
1674
1635
1603
1599
1611
1637
1677
1696
1695
1690
1681
1676
1673
1678
1683
1688
1691
1686
1686
1684
1675
1675
1674
1678
1702
1715
1706
1705
1706
1713
1721
1745
1748
1732
1676
1609
1591
1611
1636
1656
1687
1724
1736
1730
1715
1702
1699
1706
1717
1718
1718
1715
1714
1713
1712
1700
1695
1705
1722
1733
1729
1714
1709
1712
1712
1716
1708
1709
1716
1704
1690
1691
1698
1696
1694
1703
1698
1683
1675
1674
1679
1687
1700
1707
1707
1699
1695
1687
1684
1679
1670
1659
1654
1670
1691
1707
1716
1709
1700
1702
1702
1697
1691
1694
1693
1692
1697
1713
1747
1774
1764
1720
1639
1595
1610
1647
1666
1659
1652
1647
1641
1658
1686
1689
1670
1657
1667
1687
1704
1697
1668
1627
1589
1596
1619
1626
1619
1619
1627
1625
1625
1628
1638
1667
1706
1720
1704
1693
1707
1723
1718
1657
1696
1691
1706
1727
1742
1727
1692
1662
1652
1664
1684
1695
1689
1679
1672
1675
1674
1672
1675
1667
1651
1658
1684
1703
1693
1671
1651
1657
1657
1642
1615
1606
1624
1647
1668
1687
1701
1703
1699
1690
1699
1715
1720
1718
1713
1718
1723
1720
1716
1713
1705
1693
1680
1667
1671
1672
1668
1671
1669
1672
1668
1663
1670
1670
1667
1664
1663
1667
1674
1678
1678
1682
1678
1665
1650
1639
1635
1638
1647
1663
1668
1647
1641
1647
1644
1640
1639
1640
1639
1636
1650
1672
1692
1694
1690
1689
1690
1698
1710
1710
1691
1685
1694
1699
1687
1671
1666
1667
1672
1676
1685
1706
1709
1697
1700
1703
1712
1736
1769
1772
1756
1739
1741
1753
1757
1752
1727
1688
1652
1643
1640
1650
1671
1676
1667
1671
1689
1699
1704
1693
1689
1713
1745
1760
1749
1719
1690
1678
1677
1681
1680
1678
1685
1693
1713
1731
1734
1725
1704
1685
1683
1680
1681
1675
1676
1681
1682
1686
1690
1703
1716
1707
1703
1702
1701
1687
1668
1660
1644
1619
1619
1634
1637
1634
1634
1644
1659
1659
1644
1630
1628
1633
1642
1645
1644
1645
1650
1641
1643
1642
1657
1672
1671
1661
1666
1683
1680
1667
1655
1667
1674
1678
1673
1669
1668
1681
1702
1710
1699
1686
1685
1689
1696
1700
1694
1696
1693
1700
1701
1693
1695
1695
1686
1682
1689
1687
1671
1652
1653
1670
1700
1730
1739
1731
1710
1668
1638
1643
1672
1690
1693
1686
1690
1697
1690
1654
1702
1712
1711
1704
1687
1654
1617
1599
1603
1619
1625
1625
1627
1644
1671
1680
1673
1680
1686
1684
1678
1681
1685
1682
1678
1662
1662
1674
1680
1691
1697
1690
1689
1672
1659
1665
1680
1679
1670
1662
1647
1631
1641
1650
1641
1635
1642
1644
1644
1641
1641
1641
1647
1652
1661
1668
1672
1660
1636
1621
1627
1667
1699
1713
1718
1718
1722
1723
1719
1720
1732
1737
1720
1701
1695
1697
1699
1697
1696
1697
1704
1728
1749
1754
1753
1748
1743
1717
1687
1660
1647
1646
1642
1643
1636
1636
1658
1675
1682
1674
1661
1668
1670
1666
1662
1665
1650
1624
1615
1617
1616
1622
1636
1647
1664
1688
1687
1668
1651
1645
1647
1642
1630
1628
1634
1648
1676
1692
1685
1667
1646
1643
1659
1683
1694
1709
1700
1680
1663
1661
1672
1682
1679
1686
1708
1723
1724
1727
1727
1725
1723
1722
1715
1697
1672
1651
1641
1643
1653
1660
1653
1643
1642
1662
1680
1690
1687
1686
1684
1679
1666
1666
1671
1680
1679
1679
1682
1689
1693
1689
1694
1696
1689
1702
1726
1734
1726
1721
1718
1718
1718
1718
1723
1724
1721
1717
1707
1702
1699
1699
1699
1696
1691
1683
1680
1686
1710
1745
1755
1733
1700
1699
1701
1704
1716
1734
1733
1724
1718
1716
1708
1691
1679
1682
1692
1702
1702
1704
1697
1699
1701
1705
1702
1692
1684
1686
1697
1703
1709
1714
1720
1722
1717
1712
1712
1715
1713
1709
1706
1707
1703
1697
1694
1693
1693
1648
1670
1668
1676
1685
1690
1700
1712
1711
1702
1689
1684
1689
1710
1735
1742
1739
1737
1724
1721
1720
1710
1696
1695
1701
1696
1692
1682
1673
1676
1680
1701
1721
1738
1741
1710
1664
1637
1653
1688
1708
1711
1714
1712
1704
1691
1686
1686
1681
1678
1681
1696
1711
1721
1724
1722
1722
1726
1712
1689
1660
1649
1655
1658
1667
1668
1662
1662
1669
1680
1691
1697
1689
1673
1662
1658
1660
1663
1658
1654
1657
1658
1668
1689
1693
1695
1698
1700
1710
1745
1778
1774
1744
1689
1608
1562
1564
1583
1602
1614
1616
1648
1692
1701
1687
1681
1686
1689
1674
1643
1607
1596
1621
1659
1692
1687
1655
1635
1651
1688
1691
1685
1693
1693
1688
1678
1682
1699
1700
1702
1705
1718
1748
1770
1780
1777
1769
1761
1749
1749
1748
1729
1691
1646
1642
1669
1699
1724
1723
1718
1716
1716
1715
1715
1699
1685
1679
1684
1684
1686
1685
1684
1676
1660
1647
1659
1685
1702
1712
1719
1729
1736
1733
1725
1720
1706
1689
1684
1703
1715
1707
1686
1680
1691
1708
1706
1689
1690
1699
1715
1716
1693
1660
1622
1610
1639
1678
1713
1728
1717
1692
1676
1672
1683
1694
1686
1676
1684
1697
1691
1673
1659
1673
1693
1709
1706
1676
1636
1610
1628
1658
1660
1647
1642
1650
1656
1656
1659
1667
1676
1676
1676
1681
1693
1712
1724
1715
1713
1713
1710
1713
1718
1712
1708
1705
1708
1704
1706
1711
1710
1711
1713
1710
1709
1700
1680
1673
1686
1697
1698
1693
1698
1710
1726
1732
1734
1731
1728
1716
1699
1700
1711
1718
1714
1702
1689
1689
1704
1721
1716
1702
1676
1647
1627
1615
1640
1676
1698
1693
1662
1639
1634
1643
1657
1669
1676
1677
1693
1714
1711
1708
1717
1731
1724
1700
1667
1668
1677
1688
1690
1695
1713
1724
1718
1716
1715
1711
1701
1689
1691
1701
1711
1712
1703
1685
1672
1682
1701
1729
1740
1734
1716
1699
1678
1675
1691
1712
1720
1704
1686
1681
1687
1701
1700
1687
1679
1682
1689
1685
1674
1670
1670
1674
1673
1666
1668
1676
1684
1686
1678
1681
1704
1738
1755
1745
1728
1725
1731
1735
1728
1700
1675
1670
1677
1677
1669
1667
1670
1675
1678
1693
1722
1752
1752
1721
1675
1645
1646
1642
1635
1641
1639
1644
1654
1659
1656
1645
1644
1645
1648
1648
1652
1652
1653
1654
1641
1611
1607
1627
1648
1655
1673
1709
1749
1746
1722
1711
1708
1693
1677
1680
1685
1685
1687
1683
1678
1680
1680
1696
1724
1761
1775
1754
1719
1687
1673
1673
1672
1672
1679
1687
1724
1753
1755
1745
1726
1715
1703
1691
1684
1672
1672
1672
1678
1681
1677
1673
1672
1677
1690
1697
1689
1690
1697
1709
1724
1732
1729
1722
1717
1725
1725
1717
1707
1706
1710
1718
1726
1726
1728
1722
1710
1710
1708
1704
1680
1655
1651
1676
1709
1730
1726
1709
1707
1709
1711
1714
1717
1713
1708
1709
1708
1712
1707
1697
1699
1698
1698
1698
1700
1700
1703
1675
1755
1778
1774
1748
1700
1660
1654
1666
1673
1675
1671
1674
1678
1686
1690
1689
1684
1687
1691
1689
1683
1676
1656
1644
1648
1660
1669
1676
1699
1734
1751
1740
1718
1698
1695
1706
1712
1712
1708
1690
1671
1673
1701
1722
1729
1711
1686
1679
1679
1690
1700
1709
1716
1717
1712
1690
1661
1648
1646
1653
1651
1654
1657
1655
1659
1662
1659
1661
1661
1664
1662
1664
1665
1675
1691
1701
1700
1711
1721
1731
1733
1731
1733
1731
1733
1729
1726
1729
1725
1721
1706
1707
1707
1708
1708
1710
1714
1716
1707
1709
1710
1697
1682
1675
1673
1675
1668
1658
1651
1649
1655
1656
1665
1667
1671
1680
1684
1686
1690
1689
1689
1690
1687
1691
1715
1747
1765
1775
1771
1762
1759
1760
1761
1756
1736
1703
1679
1679
1686
1684
1679
1678
1682
1686
1680
1674
1673
1681
1696
1708
1728
1739
1728
1712
1689
1672
1678
1731
1789
1793
1740
1633
1528
1502
1563
1658
1717
1706
1670
1644
1636
1656
1691
1714
1716
1723
1729
1733
1731
1727
1715
1689
1678
1684
1691
1706
1716
1707
1695
1695
1704
1707
1704
1702
1703
1697
1690
1685
1682
1674
1654
1649
1649
1656
1664
1670
1671
1682
1713
1731
1732
1726
1716
1709
1700
1668
1632
1610
1614
1635
1686
1722
1731
1722
1718
1730
1743
1752
1739
1738
1747
1746
1734
1721
1705
1696
1696
1692
1695
1697
1699
1701
1703
1704
1707
1702
1704
1700
1702
1699
1696
1693
1698
1698
1699
1673
1707
1703
1708
1714
1712
1713
1718
1721
1718
1718
1712
1691
1658
1623
1636
1698
1765
1770
1731
1694
1679
1701
1723
1726
1689
1619
1579
1586
1629
1670
1686
1681
1676
1687
1701
1707
1705
1709
1715
1709
1709
1718
1717
1700
1674
1643
1641
1659
1679
1695
1696
1702
1706
1706
1696
1682
1679
1686
1691
1695
1688
1666
1638
1625
1626
1621
1627
1652
1702
1756
1795
1800
1769
1731
1703
1702
1712
1710
1710
1713
1721
1732
1727
1717
1701
1673
1672
1675
1678
1675
1670
1668
1664
1655
1657
1660
1666
1684
1699
1727
1749
1759
1744
1731
1706
1683
1684
1701
1706
1699
1700
1712
1711
1700
1700
1707
1706
1699
1699
1702
1700
1693
1694
1689
1682
1679
1678
1689
1695
1677
1658
1653
1665
1675
1677
1678
1695
1711
1693
1658
1626
1604
1620
1645
1654
1649
1658
1679
1701
1699
1695
1690
1700
1714
1729
1736
1731
1729
1722
1703
1678
1673
1691
1706
1713
1704
1710
1723
1726
1720
1713
1708
1707
1697
1682
1677
1672
1670
1669
1685
1709
1724
1709
1690
1688
1706
1721
1721
1712
1707
1709
1708
1710
1712
1711
1709
1717
1732
1729
1727
1728
1727
1729
1730
1730
1724
1718
1719
1729
1731
1746
1744
1741
1737
1723
1710
1715
1722
1719
1712
1701
1704
1713
1722
1728
1729
1726
1724
1723
1718
1714
1714
1717
1713
1713
1717
1710
1710
1688
1679
1694
1717
1733
1724
1701
1679
1677
1683
1690
1702
1715
1699
1660
1636
1663
1645
1700
1696
1685
1674
1676
1687
1698
1694
1680
1678
1679
1675
1668
1665
1667
1678
1689
1688
1678
1687
1691
1698
1704
1703
1697
1694
1691
1692
1693
1690
1688
1690
1690
1687
1686
1688
1700
1706
1701
1696
1704
1719
1734
1733
1723
1721
1716
1697
1675
1670
1698
1734
1762
1760
1740
1721
1722
1737
1740
1746
1741
1738
1734
1730
1730
1721
1716
1734
1752
1764
1764
1758
1748
1715
1672
1651
1652
1662
1657
1646
1647
1666
1677
1666
1660
1656
1668
1695
1717
1722
1715
1711
1707
1701
1697
1695
1695
1690
1682
1687
1696
1695
1701
1701
1687
1673
1674
1679
1673
1665
1671
1667
1664
1662
1662
1663
1657
1662
1661
1677
1690
1704
1698
1686
1672
1670
1678
1688
1689
1685
1688
1694
1697
1709
1713
1705
1708
1727
1740
1739
1726
1719
1721
1715
1706
1682
1653
1635
1638
1644
1648
1648
1656
1666
1662
1660
1679
1708
1746
1775
1777
1753
1721
1709
1720
1733
1731
1726
1730
1725
1726
1735
1732
1729
1723
1712
1694
1675
1671
1673
1671
1668
1674
1691
1722
1733
1711
1681
1669
1674
1678
1680
1668
1642
1621
1622
1636
1649
1654
1650
1648
1650
1664
1668
1655
1655
1669
1678
1678
1680
1681
1676
1676
1680
1689
1702
1704
1697
1693
1696
1714
1724
1721
1721
1724
1723
1720
1713
1697
1683
1683
1686
1688
1689
1697
1695
1696
1685
1664
1654
1657
1657
1658
1656
1666
1692
1716
1738
1763
1785
1787
1745
1685
1655
1685
1676
1756
1732
1698
1651
1633
1660
1687
1695
1688
1690
1686
1685
1701
1716
1709
1705
1704
1701
1695
1694
1695
1698
1692
1678
1665
1671
1694
1716
1715
1710
1705
1710
1708
1692
1684
1689
1694
1691
1688
1697
1700
1698
1697
1696
1685
1664
1639
1606
1601
1617
1629
1631
1627
1632
1649
1684
1729
1754
1751
1733
1714
1705
1703
1703
1704
1709
1709
1702
1682
1657
1646
1649
1653
1654
1664
1673
1672
1668
1676
1677
1677
1670
1662
1665
1669
1661
1657
1659
1657
1651
1661
1679
1693
1709
1720
1714
1714
1711
1705
1696
1672
1637
1616
1609
1615
1632
1663
1688
1693
1696
1700
1714
1718
1720
1729
1733
1730
1716
1695
1679
1680
1683
1688
1697
1716
1736
1742
1737
1735
1740
1740
1741
1731
1719
1710
1700
1691
1698
1711
1713
1707
1706
1711
1709
1700
1692
1678
1675
1674
1678
1674
1666
1653
1648
1662
1664
1659
1659
1660
1657
1652
1660
1684
1703
1700
1689
1675
1670
1677
1690
1704
1704
1707
1711
1719
1723
1722
1721
1720
1720
1718
1711
1698
1686
1687
1690
1693
1698
1704
1720
1727
1705
1680
1672
1677
1667
1647
1628
1624
1628
1628
1627
1627
1631
1644
1665
1684
1686
1690
1695
1721
1747
1747
1734
1729
1731
1727
1721
1717
1712
1719
1725
1742
1742
1733
1735
1737
1723
1708
1677
1667
1674
1676
1677
1680
1677
1676
1683
1687
1684
1680
1673
1672
1675
1684
1710
1739
1735
1729
1720
1720
1718
1712
1696
1688
1646
1711
1711
1707
1705
1710
1715
1719
1719
1715
1703
1689
1684
1685
1687
1688
1692
1689
1689
1695
1714
1743
1743
1715
1669
1639
1648
1652
1650
1646
1655
1676
1678
1675
1680
1678
1667
1661
1669
1666
1653
1657
1663
1681
1686
1688
1677
1652
1633
1630
1640
1658
1679
1683
1679
1670
1673
1683
1681
1666
1660
1670
1683
1683
1682
1678
1685
1702
1714
1702
1697
1705
1709
1706
1704
1705
1705
1693
1682
1676
1678
1681
1687
1691
1686
1681
1680
1677
1675
1671
1675
1689
1705
1717
1710
1709
1714
1724
1743
1749
1739
1731
1724
1724
1712
1690
1674
1664
1650
1650
1660
1670
1677
1688
1690
1682
1683
1693
1697
1697
1698
1697
1685
1671
1669
1666
1666
1683
1707
1719
1716
1707
1705
1714
1716
1716
1714
1700
1670
1634
1613
1620
1646
1681
1704
1710
1706
1708
1710
1704
1705
1707
1700
1703
1712
1715
1719
1718
1713
1704
1704
1717
1722
1719
1713
1710
1716
1721
1726
1721
1708
1696
1685
1685
1686
1686
1684
1683
1699
1721
1707
1689
1691
1698
1703
1704
1705
1705
1701
1713
1718
1719
1709
1711
1723
1727
1717
1706
1709
1713
1706
1702
1699
1692
1683
1678
1673
1662
1660
1679
1707
1727
1731
1723
1718
1714
1721
1726
1727
1721
1711
1694
1667
1658
1669
1682
1684
1677
1684
1713
1740
1755
1747
1739
1730
1719
1710
1690
1671
1680
1711
1736
1752
1749
1719
1688
1674
1683
1692
1701
1699
1697
1688
1680
1672
1669
1647
1666
1671
1681
1691
1704
1703
1692
1693
1696
1699
1694
1690
1683
1688
1690
1685
1669
1663
1672
1685
1690
1679
1673
1685
1703
1714
1708
1685
1665
1655
1646
1627
1612
1624
1646
1670
1700
1722
1721
1700
1686
1684
1700
1711
1708
1687
1665
1651
1646
1653
1664
1665
1665
1661
1645
1629
1620
1631
1662
1718
1747
1728
1681
1635
1626
1648
1683
1703
1713
1714
1714
1709
1707
1709
1711
1705
1693
1679
1684
1701
1710
1706
1695
1683
1668
1675
1699
1728
1751
1748
1732
1729
1739
1731
1701
1650
1616
1622
1640
1641
1634
1627
1626
1629
1636
1658
1671
1665
1649
1639
1635
1627
1620
1630
1654
1668
1658
1644
1632
1637
1647
1648
1648
1645
1649
1659
1660
1659
1660
1652
1655
1658
1662
1663
1671
1682
1682
1675
1674
1673
1677
1677
1678
1669
1642
1610
1602
1616
1646
1668
1675
1664
1657
1662
1669
1677
1671
1665
1672
1673
1660
1655
1663
1667
1670
1689
1725
1761
1770
1763
1744
1728
1722
1709
1700
1702
1706
1703
1700
1686
1678
1685
1698
1702
1698
1699
1698
1694
1689
1687
1671
1646
1635
1636
1650
1650
1645
1648
1654
1652
1654
1653
1654
1653
1652
1655
1650
1653
1650
1650
1660
1683
1704
1711
1699
1697
1696
1698
1701
1701
1699
1678
1650
1641
1643
1643
1634
1627
1636
1651
1674
1678
1675
1677
1688
1696
1694
1689
1686
1685
1687
1682
1681
1673
1665
1676
1684
1693
1697
1696
1697
1689
1684
1688
1693
1645
1681
1683
1691
1731
1772
1786
1778
1769
1759
1764
1772
1769
1753
1719
1697
1694
1703
1705
1692
1678
1688
1724
1767
1781
1770
1761
1748
1724
1720
1744
1758
1741
1695
1647
1637
1639
1632
1630
1632
1637
1651
1655
1646
1641
1656
1666
1673
1675
1684
1684
1685
1688
1688
1696
1706
1722
1743
1747
1742
1743
1740
1723
1708
1691
1686
1679
1655
1621
1604
1623
1666
1713
1743
1737
1715
1696
1693
1699
1699
1697
1684
1660
1636
1635
1651
1658
1666
1666
1666
1666
1667
1689
1713
1705
1689
1675
1664
1671
1680
1680
1681
1692
1712
1716
1715
1713
1710
1713
1715
1738
1779
1800
1791
1784
1784
1783
1787
1789
1789
1799
1833
1844
1826
1792
1755
1731
1742
1752
1744
1731
1719
1724
1725
1715
1712
1717
1719
1713
1709
1705
1709
1702
1700
1701
1706
1707
1700
1702
1703
1704
1709
1714
1713
1716
1716
1717
1715
1715
1704
1696
1682
1677
1685
1696
1696
1694
1693
1699
1698
1699
1702
1702
1707
1702
1692
1671
1638
1625
1639
1667
1666
1652
1636
1626
1631
1646
1648
1635
1623
1623
1638
1649
1650
1661
1680
1676
1661
1659
1662
1677
1699
1706
1710
1729
1761
1780
1776
1769
1760
1760
1768
1765
1764
1764
1770
1778
1779
1772
1765
1762
1766
1765
1762
1746
1723
1690
1673
1678
1691
1698
1697
1701
1703
1704
1702
1689
1676
1662
1655
1663
1669
1680
1690
1687
1684
1679
1675
1679
1692
1694
1705
1702
1692
1690
1696
1676
1705
1693
1682
1676
1678
1687
1695
1696
1688
1674
1666
1670
1678
1696
1718
1726
1712
1691
1686
1696
1702
1696
1690
1683
1654
1631
1630
1645
1675
1695
1692
1685
1678
1673
1667
1648
1645
1645
1646
1666
1672
1661
1665
1678
1697
1701
1700
1702
1704
1694
1677
1656
1645
1657
1668
1656
1654
1666
1685
1732
1784
1787
1748
1702
1689
1708
1728
1727
1712
1703
1697
1686
1685
1690
1705
1735
1750
1748
1742
1753
1760
1740
1711
1682
1665
1659
1660
1661
1666
1657
1646
1644
1651
1653
1666
1672
1674
1682
1678
1672
1681
1678
1669
1655
1651
1655
1660
1670
1670
1655
1639
1634
1642
1653
1667
1664
1660
1658
1655
1649
1632
1610
1599
1602
1616
1637
1645
1643
1648
1678
1696
1683
1682
1691
1699
1693
1663
1630
1620
1621
1620
1616
1628
1658
1683
1676
1648
1628
1627
1629
1642
1645
1651
1651
1655
1662
1669
1684
1690
1691
1697
1697
1698
1691
1680
1658
1632
1630
1634
1648
1645
1640
1636
1638
1643
1646
1648
1655
1652
1646
1646
1647
1650
1656
1662
1672
1667
1661
1665
1674
1667
1636
1614
1602
1620
1635
1639
1640
1640
1638
1637
1632
1631
1630
1638
1666
1687
1687
1682
1680
1686
1684
1681
1661
1632
1617
1625
1634
1641
1641
1639
1647
1662
1684
1697
1686
1669
1668
1678
1669
1667
1675
1682
1694
1698
1696
1695
1695
1699
1716
1728
1728
1723
1714
1713
1711
1708
1707
1708
1712
1710
1709
1707
1695
1669
1627
1650
1667
1667
1651
1626
1629
1649
1665
1675
1688
1696
1699
1691
1670
1654
1639
1619
1623
1623
1628
1637
1652
1660
1667
1686
1689
1698
1714
1704
1686
1681
1685
1699
1726
1756
1763
1739
1714
1695
1692
1696
1681
1656
1640
1650
1655
1657
1666
1688
1698
1691
1676
1670
1674
1678
1685
1670
1654
1648
1655
1672
1689
1691
1689
1695
1705
1712
1717
1714
1714
1714
1724
1741
1738
1715
1689
1662
1656
1656
1660
1658
1660
1662
1672
1686
1688
1689
1688
1679
1669
1669
1682
1689
1681
1674
1666
1667
1680
1686
1697
1713
1694
1682
1686
1692
1689
1687
1691
1691
1686
1685
1678
1674
1676
1687
1701
1703
1711
1726
1727
1720
1710
1708
1709
1708
1710
1707
1707
1701
1691
1690
1695
1700
1696
1694
1696
1703
1703
1699
1695
1698
1705
1703
1697
1684
1684
1683
1683
1684
1694
1700
1696
1691
1688
1682
1682
1681
1662
1643
1656
1683
1705
1702
1701
1698
1696
1702
1714
1716
1719
1719
1715
1704
1694
1690
1701
1712
1713
1701
1694
1689
1692
1702
1704
1707
1706
1701
1698
1706
1701
1699
1688
1665
1652
1636
1621
1622
1639
1652
1661
1662
1663
1675
1679
1658
1635
1639
1652
1664
1664
1659
1666
1669
1685
1694
1718
1740
1761
1760
1761
1771
1767
1756
1744
1726
1704
1681
1679
1699
1711
1710
1706
1706
1710
1712
1713
1718
1720
1729
1730
1716
1701
1698
1699
1693
1684
1688
1695
1700
1720
1740
1741
1729
1722
1715
1700
1720
1719
1701
1656
1616
1635
1687
1731
1730
1710
1707
1712
1713
1716
1707
1685
1669
1658
1662
1669
1673
1669
1670
1674
1676
1696
1723
1724
1712
1711
1703
1693
1693
1701
1703
1697
1686
1675
1674
1664
1656
1648
1653
1658
1660
1661
1654
