1127.94
1123.77
1120.02
1118.32
1118.97
1119.73
1119.24
1117.15
1115.84
1115.93
1116.24
1118.78
1182.91
1269.07
1245.23
1192.85
1165.01
1149.52
1138.22
1131.5
1126.57
1122.96
1122.86
1122.88
1123.23
1122.58
1122.03
1121.45
1120.54
1120.4
1121.54
1171.35
1260.82
1247.07
1192.18
1162.59
1147.44
1135.46
1128.92
1126.14
1123.62
1122.59
1122.1
1121.91
1122.03
1122.08
1121.44
1120.66
1119.52
1119.38
1152.36
1252.14
1262.47
1205.21
1167.23
1149.76
1139.36
1132.19
1126.65
1121.87
1118.98
1118.13
1118.17
1118.08
1118.36
1118.04
1117.42
1116.19
1116.93
1135.35
1232.77
1258.19
1207.41
1171.97
1154.74
1143.82
1135.02
1130.21
1126.31
1124.46
1124.92
1124.19
1122.57
1121.75
1121.71
1122.28
1121.65
1121.43
1132.09
1221.43
1262.94
1217.15
1179.35
1161.02
1148.69
1138.74
1134.06
1130.34
1127.05
1125.54
1124.88
1125.11
1124.88
1124.24
1124.13
1124.2
1122.25
1125.82
1211.6
1299.74
1274.56
1209.81
1175.89
1159
1145.97
1137.88
1131.4
1127.7
1127.24
1127.38
1126.91
1125.73
1124.9
1124.22
1123.99
1124.33
1125.93
1183.98
1257.42
1230.09
1186.35
1162.41
1148.01
1138.88
1133.61
1127.78
1125.06
1124.17
1123.77
1122.58
1120.74
1121.78
1123.52
1123.26
1121.91
1121.4
1164.01
1256.57
1247.26
1195.95
1167.74
1152.39
1142.42
1136.64
1132.67
1128.78
1126.1
1125.17
1124.84
1124.97
1125.06
1126.37
1126.74
1126.49
1125.41
1154.84
1251.92
1256.58
1200.67
1165.66
1149.26
1139.77
1132.08
1127.19
1122.03
1120.64
1121.32
1120.99
1119.75
1119.57
1119.61
1118.67
1118.26
1118.42
1134.11
1228.59
1252.78
1208.03
1176.87
1158.95
1146.03
1137.95
1132.98
1130.14
1128.08
1126.99
1126.55
1126.12
1125.59
1125.5
1125.6
1125.8
1126.45
1133.34
1214.4
1255.08
1216.21
1180.73
1158.28
1145.13
1137
1133.3
1130.3
1126.54
1124.84
1123.23
1122.65
1121.79
1121.2
1121.03
1120.72
1120.27
1124.15
1203.02
1283.01
1248.62
1181.31
1152.29
1140.64
1132.92
1128.28
1124.54
1121.46
1120.09
1119.16
1118.2
1117.34
1118.55
1118.82
1118.3
1118.88
1121.47
1178.9
1253.59
1231.02
1191.21
1167.29
1152.64
1142.13
1137.08
1132.85
1129.27
1127.56
1126.74
1125.24
1123.63
1124.35
1125.3
1125.89
1124.44
1124.17
1167.08
1264.89
1260.62
1200.54
1165.37
1148.51
1138.47
1131.34
1127.08
1124.36
1122.37
1120.69
1119.42
1119.11
1118.98
1117.9
1117.18
1117.88
1119.22
1144.72
1250.03
1271.84
1206.97
1161.3
1144.65
1135.6
1128.05
1123.94
1120.26
1119.25
1119.89
1117.92
1115.59
1115.37
1116.26
1116.07
1116.29
1118.14
1133.68
1232.39
1272.07
1218.91
1172.44
1152.23
1139.98
1131.14
1127.33
1124.6
1122.17
1121.59
1120.16
1119.55
1119.41
1119.83
1120.18
1120.5
1119.76
1121.13
1122.89
1122.27
1121.59
1123.4
1124.21
1124.75
1125.32
1125
1123.21
1123.01
1122.71
1122.86
1122.28
1120.9
1121.02
1120.83
1119.71
1120.26
1123.86
1195
1284.62
1258.42
1183.67
1150.99
1138.42
1131.45
1125.44
1122.63
1121.8
1121.37
1122.16
1120.26
1117.95
1117.95
1118.4
1118.42
1118.11
1119.31
1173
1261.3
1244.33
1189.51
1160.78
1146.19
1135.44
1128.9
1125.7
1124.13
1123.44
1121.98
1120.12
1118.95
1118.02
1117.71
1117.96
1118.23
1119.25
1158.42
1259.18
1260.5
1201.47
1163.95
1146.76
1137.21
1129.31
1124.64
1120.93
1118.84
1118.19
1116.76
1114.76
1114.07
1113.79
1113.39
1114.23
1115.03
1138.64
1241.92
1266.87
1210.09
1168.25
1149.7
1137.59
1129.38
1124.82
1122.32
1121.22
1121.23
1121.12
1119.53
1117.71
1118.18
1119.09
1118.52
1117.31
1128.94
1223.31
1274.53
1229.63
1181.71
1157.73
1143.97
1133.14
1127.12
1122.85
1119.97
1119.27
1118.16
1117.41
1117.36
1115.89
1115.16
1114.95
1115.49
1121.89
1206.66
1278.55
1246.72
1195.5
1165.57
1149.38
1137.97
1131.55
1127.39
1124.54
1124.04
1123.44
1121.83
1120.47
1119.15
1119.17
1119.38
1120.04
1122.88
1191.91
1285.02
1264.98
1200.71
1166.9
1148.37
1135
1127.41
1124.37
1122.52
1121.57
1119.91
1119.4
1117.42
1117.11
1116.34
1115.08
1114.93
1115.39
1161.56
1248.11
1237.86
1191.09
1163.5
1148.41
1138.67
1133.09
1128.98
1126.63
1124.17
1124.13
1125.2
1124.75
1125.17
1124.19
1123.11
1122.74
1123.81
1157.86
1255.46
1256.88
1204.82
1172.81
1153.62
1142.17
1134.91
1130.85
1127.13
1124.83
1125.68
1126.91
1126.73
1125.62
1125.28
1124.9
1124
1123.87
1145.01
1243.95
1269.98
1213.19
1171.68
1152.74
1140.25
1129.72
1126.12
1124.7
1122.9
1122.09
1121.71
1120.6
1119.35
1119.11
1118.35
1117.65
1117.15
1126.34
1218.66
1280.28
1238.92
1184.13
1159.95
1146.7
1136.6
1129.47
1123.7
1122.07
1121.38
1120.91
1119.72
1119.54
1120.29
1119.04
1116.69
1117.25
1122.96
1200.39
1264
1227.61
1183.06
1163.5
1150.17
1139.69
1134.47
1130.12
1127.89
1127.67
1126.81
1125.28
1124.73
1124.25
1125.21
1124.57
1122.67
1124.87
1190.71
1265.48
1236.42
1190.82
1167.45
1154.34
1143.61
1136.1
1132.44
1129.88
1128.4
1126.91
1126.36
1127.38
1127.41
1126.7
1126.29
1125.59
1126.32
1177.64
1285.02
1287.1
1222.3
1181.64
1160.99
1147.01
1137.69
1132.71
1131.61
1131.63
1132.07
1132.1
1130.33
1128.48
1127.4
1126.71
1126.97
1126.6
1157.8
1252.32
1252.31
1202.29
1172.59
1156.77
1145.48
1138.74
1133.48
1128.74
1126.97
1126.41
1125.92
1123.92
1123.87
1124.98
1126.46
1125.88
1124.58
1140.77
1234.72
1260.05
1212.16
1176.26
1157.75
1146.7
1138.3
1134.32
1131.2
1128.59
1127.79
1125.91
1124.89
1124.66
1125.06
1125.38
1125
1124.3
1131.75
1219.85
1266.12
1220.89
1177.27
1157.31
1147.25
1138.44
1133.5
1127.94
1125.03
1125
1125.48
1124.7
1123.86
1124.59
1124.19
1123.82
1123.43
1126.78
1198.09
1256.36
1222.26
1186.49
1166.88
1152.46
1141.14
1135.29
1131.35
1128.93
1127.27
1126.18
1124.63
1123.7
1124.16
1125.03
1125.58
1125.42
1126.42
1180.81
1254.75
1231.06
1188.91
1164.7
1151.65
1143.59
1138.16
1133.97
1131.12
1128.92
1127.51
1126.19
1126.76
1126.85
1126.44
1125.83
1126.14
1128.11
1176.52
1274.49
1263.89
1198.11
1162.59
1145.99
1135.76
1130
1126.49
1121.65
1119.41
1118.27
1117.1
1115.75
1115.53
1116.26
1116
1116.33
1117.01
1145.68
1242.34
1249.22
1204.79
1175.7
1159.27
1147.83
1139.71
1135.87
1131.76
1129.26
1127.69
1127.4
1126.54
1126.65
1127.17
1127.58
1127.64
1126.47
1140.64
1236.82
1270.53
1220.06
1176.91
1156.27
1144.04
1136.45
1132.07
1128.53
1126.12
1124.33
1123.17
1122.91
1123.22
1122.58
1120.98
1121.17
1123.75
1131.71
1219.08
1288.06
1241.89
1175.51
1150.39
1136.99
1129.16
1124.05
1120.63
1117.49
1117.52
1117.68
1116.23
1114.66
1114.54
1116.17
1116.57
1117.6
1121.99
1197.5
1277.52
1243.66
1181.76
1155.71
1143.42
1133.04
1126.34
1123.43
1120.97
1120.46
1118.34
1116.71
1117.22
1118.11
1117.66
1116.69
1117.45
1118.25
1173.57
1263.9
1248
1191.39
1160.71
1146.13
1137.3
1131.51
1126.64
1123.4
1121.98
1120.98
1119.53
1117.86
1118.02
1117.05
1115.5
1115.49
1119.15
1191.2
1283.86
1276.63
1205.55
1164.86
1147.56
1136.34
1128.13
1124.37
1122.3
1121.44
1121.9
1120.99
1119.65
1119.03
1118.81
1118.79
1117.79
1118.01
1142.84
1240.87
1254.19
1205.68
1172.31
1154.79
1143.78
1135.47
1132.4
1130.48
1129.33
1128.38
1126.89
1125.73
1124.29
1123.03
1122.79
1123.34
1124.59
1139.48
1240.17
1288.84
1236.04
1180.59
1155.73
1142.6
1133.66
1127.9
1123.54
1120.26
1118.5
1117.3
1116.17
1114.55
1114.81
1114.78
1164.71
1262.3
1322.25
1334.58
1261.42
1209.84
1176.29
1155.58
1144.41
1136.06
1130.3
1125.64
1124.8
1124.95
1124.83
1123.46
1121.01
1120.06
1120.62
1120.09
1118.87
1119.94
1186.33
1265.69
1242.35
1187.9
1158.96
1145.01
1134.35
1127.56
1123.37
1120.66
1119.82
1118.92
1118.62
1118.35
1117.97
1116.69
1116.39
1116.53
1117.76
1174.22
1264.43
1253.67
1199.01
1165.92
1148.18
1137.26
1130.76
1125.32
1122.38
1122.27
1123
1121.83
1119.39
1118.79
1118.88
1119.4
1119.93
1120.64
1158.55
1268.7
1286.39
1220.88
1174.81
1153.18
1139.27
1129.14
1124.97
1123.19
1120.78
1120.04
1119.22
1117.66
1117.55
1117.6
1117.73
1116.77
1116.25
1138.21
1239.03
1263.8
1210.48
1171.64
1151.64
1139.34
1131.56
1126.67
1123.42
1121.53
1120.95
1119.9
1119.23
1119.01
1118.06
1117.85
1118.02
1118.8
1130.07
1224.68
1267.43
1224.21
1183.82
1161.37
1147.72
1137.71
1133.7
1128.52
1125.66
1125.7
1126.6
1127.34
1126.74
1125.2
1124.47
1123.97
1122.74
1129.04
1213.77
1273.49
1231.44
1176.29
1153.68
1141.32
1130.32
1125.53
1123.52
1120.92
1119.55
1119.62
1118.5
1117.37
1115.99
1115
1114.38
1113.62
1116.05
1185.51
1272.16
1251.09
1188.47
1158.13
1143.2
1133.94
1126.75
1121.82
1117.98
1117.22
1116.92
1116.73
1116.76
1116.73
1116.38
1114.82
1114.91
1117.6
1172.34
1262.17
1244.3
1190.97
1165.52
1151.92
1141.71
1134.72
1129.89
1125.39
1124.32
1123.98
1123.39
1122
1121.18
1122.15
1122.5
1121.43
1121.12
1160.53
1253.89
1247.92
1197.6
1170.03
1155.86
1145.41
1137.44
1132.54
1129.22
1128.17
1126.89
1126.43
1126.3
1126.92
1126.39
1124.89
1123.37
1122.8
1146.35
1256.63
1297.9
1238.67
1188.09
1164.03
1149.5
1139.47
1133.28
1128.22
1125.58
1125.72
1126.06
1124.92
1124.63
1124.25
1123.75
1123.02
1123.84
1134.09
1219.22
1252.79
1212.48
1178.75
1158.8
1146.36
1137.56
1132.29
1127.75
1125.58
1125.4
1124.96
1123.8
1123.03
1124.21
1125.81
1125.39
1123.67
1127.88
1208.74
1277.66
1239.33
1183.92
1158.95
1145.83
1136.59
1131.06
1127.34
1123.68
1121.81
1120.63
1120.15
1120.06
1120.83
1121.83
1121.91
1121.68
1123.76
1193.31
1270.15
1240.18
1183.68
1157.78
1144.82
1135.5
1129.92
1123.83
1119.02
1118.83
1120.48
1120.1
1118.42
1118.59
1118.84
1117.81
1116.32
1116.69
1165.11
1249.05
1231.88
1190.78
1169.22
1155.3
1145.69
1139.86
1136.08
1134.01
1132.36
1131.19
1131.22
1130.21
1129.63
1129.62
1129.32
1129.75
1130.28
1165.34
1253.53
1246.02
1202.26
1171.18
1152.4
1142.05
1135.97
1131.19
1127.55
1125.05
1123.83
1121.62
1120.56
1120.62
1120.56
1119.8
1118.62
1119.02
1140.88
1243.05
1267.08
1211.93
1171.38
1153.61
1142.59
1135.1
1131.73
1126.64
1122.96
1122.58
1122.02
1121.15
1119.31
1120.22
1121.53
1121.46
1120.36
1130.33
1220.92
1261.99
1219.7
1182.23
1162.92
1151.45
1140.57
1134.85
1131.4
1129.75
1127.88
1126.03
1124.63
1124.8
1126.08
1125.79
1125.89
1125.46
1130.39
1211.17
1284.56
1247.86
1189.16
1160.99
1145.47
1136.13
1131.07
1126.87
1124.1
1122.18
1120.49
1119.29
1117.81
1117.69
1117.28
1116.09
1117.23
1121.78
1189.81
1280.76
1257.73
1185.63
1152.96
1138.49
1129.75
1123.61
1121.12
1118.09
1117.65
1116.98
1115.62
1114.73
1114.56
1114.84
1115.15
1115.74
1117.59
1169.21
1270.81
1263.36
1194.36
1157.85
1142.28
1132.48
1125.08
1121.35
1118.41
1116.73
1114.99
1113.17
1112.11
1110.9
1111.2
1111.14
1110.75
1111.3
1112.29
1112.91
1114.26
1115.37
1116.21
1117.67
1119.57
1121.38
1120.49
1118.64
1118.22
1119.23
1119.49
1118.02
1117.23
1117.18
1116.68
1116.27
1117.63
1135.25
1237.87
1281.93
1223.58
1167.67
1147.65
1136.36
1127.79
1122.23
1120.53
1119.48
1119.97
1118.99
1116.7
1114.59
1114.2
1114.15
1113.92
1114.8
1145.31
1238.38
1285.71
1235.4
1179.01
1153.89
1140.16
1129.4
1124.27
1121.95
1121.49
1120.76
1117.99
1115.84
1114.33
1114.23
1113.8
1113.87
1114.12
1120.5
1202.87
1275.05
1238.89
1180.6
1153.89
1141.21
1132.43
1127.53
1123.36
1120.41
1119.4
1118.05
1115.9
1114.08
1114.51
1114.01
1114.53
1115.31
1118.45
1183.33
1272.5
1249.85
1188.65
1161.6
1146.08
1134.12
1126.26
1123.3
1121.78
1120.91
1120.44
1120.02
1118.82
1117.42
1117.67
1118.64
1117.96
1117.72
1161.8
1260.82
1262.03
1209.25
1173.66
1154.87
1142.71
1133.38
1128.01
1124.01
1123.04
1121.82
1120.55
1120.18
1120.01
1119.28
1118.22
1118.5
1119.88
1148.92
1250.35
1271.83
1218.66
1176.98
1153.82
1139.78
1131.43
1126.21
1121.53
1119.84
1120.28
1120.14
1117.41
1115.75
1115.21
1116.06
1116.53
1116.25
1131.79
1237.62
1291.03
1235.99
1176.06
1152.51
1138.53
1127.85
1121.85
1120.74
1119.52
1118.47
1116.99
1115.75
1115.72
1116.9
1117.35
1117.26
1138.94
1161.81
1174.97
1181.29
1168.13
1150.71
1142.15
1136.89
1132.63
1132.18
1130.67
1128.5
1128.57
1129.1
1128.78
1127.96
1127.66
1127.32
1125.72
1125.62
1130.24
1206.57
1276.51
1241.49
1191.85
1166.34
1151.67
1140.17
1134.04
1129.13
1126.16
1125.1
1124.86
1125.97
1126.04
1125.05
1123.9
1122.53
1121.82
1124.22
1187.82
1276.5
1258.06
1198.46
1168.61
1153.18
1140.69
1133.36
1130.1
1128.15
1126.44
1125.05
1123.77
1122.27
1122.03
1121.05
1119.97
1120.51
1121.46
1161.45
1260.57
1265.53
1202.5
1164.23
1146.93
1136.91
1130.26
1125.23
1121.89
1120.99
1121.21
1120.66
1119.3
1118.74
1118.95
1118.11
1116.44
1117.81
1143.32
1243.83
1258.75
1206.1
1173.61
1157.91
1147.08
1137.72
1133.39
1129.63
1127.1
1126.62
1126.45
1125.69
1125.78
1126.43
1126.53
1125.67
1124.55
1139.56
1235.57
1265.98
1216.52
1178.36
1160.04
1149.01
1140.44
1134.88
1130.8
1128.29
1126.92
1127.06
1126.94
1127.02
1126.35
1125.29
1124.72
1123.88
1133.37
1226.31
1306.66
1272.46
1212.35
1179.32
1160.55
1147.85
1139.51
1132.53
1128.16
1128.45
1129.68
1128.74
1128.16
1127.16
1126.54
1125.25
1125.74
1129.67
1199.06
1263.78
1229.42
1185.76
1163.89
1151.46
1141.33
1135.48
1131.34
1128.4
1127.09
1125.62
1124.75
1122.7
1123.68
1125.37
1125.58
1125.15
1125.23
1177.8
1259.5
1239.11
1193.64
1168.55
1155.03
1145.4
1139.95
1136.33
1133.83
1132.57
1131.12
1129.9
1129.98
1131.66
1131.86
1131.44
1130.57
1130.36
1167.47
1254.49
1244.45
1197.62
1170.57
1156.2
1146.18
1139.89
1135.7
1130.65
1129.23
1131.64
1132.21
1129.97
1128.99
1128.36
1128.25
1126.8
1126.6
1148
1242.77
1253.93
1207.89
1180.57
1164.06
1151.8
1142.57
1138.03
1135.13
1132.5
1130.85
1129.39
1129.34
1129.56
1130.59
1131.02
1131.01
1130.74
1140.22
1228.42
1261.48
1217.11
1180.25
1159.52
1149.06
1143.42
1139.88
1135.81
1132.71
1131.39
1128.89
1127.48
1127.07
1127.4
1126.62
1125.78
1126.35
1135.93
1224.17
1286.63
1241.1
1181.07
1156.22
1142.04
1133.58
1129.55
1124.87
1121.52
1120.78
1119.93
1118.95
1118
1117.77
1118.28
1118.85
1118.32
1120.5
1188.33
1253.5
1225.33
1190.35
1169.4
1155.82
1145.64
1139.08
1134.82
1131.22
1129.62
1127.96
1126.66
1126.52
1127.37
1127.67
1127.07
1126.88
1127.76
1177.95
1272.92
1262.31
1205.53
1173.19
1153.38
1141.95
1136.04
1132.18
1129.61
1127.42
1125.54
1124.72
1124.15
1123.03
1121.78
1121.36
1122.71
1124.39
1158.87
1271.14
1295.9
1228.92
1180.86
1159.32
1145.67
1137.04
1132.47
1128.39
1125.78
1125.14
1124.63
1122.47
1121.93
1121.4
1122.14
1122.52
1123.91
1145.98
1251.14
1282.83
1219.06
1169.66
1149.72
1138.48
1129.82
1126.02
1124.04
1121.06
1119.3
1116.53
1116.52
1117.94
1118.16
1117.96
1117.74
1117.65
1126.6
1218.23
1267.25
1224.13
1178.81
1156.4
1145.32
1138.07
1134.23
1129.65
1126.47
1126.06
1125.66
1124.47
1123.27
1122.77
1122.75
1121.79
1122.64
1128.74
1211.58
1282.08
1242.07
1175.19
1149.06
1139.6
1132.16
1126.19
1124.42
1123.94
1123.75
1123.53
1122.48
1120.49
1119.84
1119.59
1120.05
1119.58
1121.65
1189.33
1267.99
1241.64
1186.75
1158.9
1144.64
1135.03
1129.32
1125.18
1124.04
1124.35
1123.34
1121.93
1120.2
1119.72
1119.13
1118.5
1118.81
1128.27
1186.28
1277.56
1265.38
1200.63
1164.36
1147.73
1137.79
1130.36
1126.25
1122
1119.91
1118.81
1117.13
1115.29
1114.4
1114.58
1115.28
1115.88
1116.79
1148.76
1252.51
1265.31
1206.04
1169.56
1152.56
1140.6
1131.62
1128.32
1125.66
1125.53
1125.49
1125.35
1123.55
1121.18
1120.67
1121.1
1121.54
1121.44
1135.84
1227.69
1254.49
1211.87
1177.37
1158.64
1148.09
1140.63
1135.88
1131.71
1130.37
1129.74
1129.36
1127.71
1127.39
1126.88
1126.27
1125.57
1125.64
1136.06
1227.3
1284.29
1241.66
1189.47
1161.42
1145.25
1135.39
1129.61
1124.73
1121.39
1121.71
1122.33
1120.97
1119.47
1117.61
1118.44
1119.49
1119.77
1124.08
1205.27
1287.64
1258.44
1198.29
1168.93
1151.11
1138.43
1131.15
1128.73
1127.11
1125.2
1123.35
1122.47
1121.43
1121.46
1121.61
1121.35
1121.08
1122.22
1183.33
1265.95
1245.93
1191
1161.95
1146.47
1136.56
1131.08
1125.79
1122.54
1121.15
1120.86
1120.93
1119.75
1120.26
1119.52
1117.99
1116.78
1118.15
1166.26
1261.99
1253.48
1201.9
1172.16
1154.17
1141.89
1133.96
1129.78
1126.42
1124.13
1124.7
1125.7
1125.15
1124.23
1123.23
1123.21
1122.76
1122.98
1154.73
1257.28
1269.09
1208.87
1170.22
1152.07
1139.67
1130.16
1126.86
1125.45
1123.64
1123.05
1122.2
1121.5
1120.41
1119.34
1118.82
1118.05
1118.13
1134.39
1234.83
1278.17
1227.95
1179.08
1156.79
1144.27
1134.47
1128.67
1123.59
1121.21
1120.97
1120.47
1119.71
1119.57
1119.49
1132.74
1162.29
1184.24
1202.1
1275.28
1309.53
1248.74
1192.14
1167.52
1153.66
1141.94
1136.06
1130.86
1127.29
1126.08
1125.1
1124.15
1122.64
1121.74
1121.61
1122.56
1121.36
1125.24
1204.56
1268.71
1232.73
1186.96
1165.34
1153
1142.2
1135.66
1131.11
1128.86
1128.83
1128.51
1127.73
1128.09
1128.44
1127.95
1126.64
1124.96
1127.79
1194.04
1295.91
1282.84
1213.23
1176.67
1157.23
1143.21
1134.76
1127.99
1126.3
1126.13
1125.33
1123.16
1122.06
1121.7
1120.7
1120.72
1121.05
1163.26
1250.76
1237.99
1193.14
1168.54
1155.44
1145.77
1139.05
1134.03
1130.21
1129.03
1127.8
1127.14
1125.47
1125.84
1127.76
1127.99
1128.07
1127.36
1154.07
1253.29
1267.39
1210.12
1171.63
1153.07
1141.67
1134.05
1129.12
1124.8
1122.46
1122.28
1121.08
1119.78
1120.52
1121.74
1122.18
1121.36
1120.88
1137.88
1234.94
1265.1
1212.3
1172.84
1155.61
1144.99
1136.02
1131.79
1126.82
1124.11
1125.24
1125.63
1124
1122.72
1122.83
1123.23
1122.77
1122.22
1130.05
1215.07
1253.04
1213.45
1181.59
1163.01
1150.41
1139.7
1134.13
1130.89
1128.63
1127.06
1125.76
1125.85
1124.99
1124.73
1124.88
1124.91
1125.31
1128.33
1200.76
1260.06
1225.88
1185.26
1161.21
1147.66
1139.79
1136.22
1131.78
1128.76
1127.67
1126.54
1125.3
1124.6
1125.19
1125.79
1124.63
1124.06
1126.97
1192.3
1277.87
1252.45
1188.23
1158.01
1143.62
1135.03
1129.85
1125.87
1121.78
1119.35
1118.69
1118.71
1117.5
1117.24
1117.61
1118.1
1118.43
1118.85
1160.16
1253.52
1248.17
1201.38
1172.5
1156.97
1146.96
1139.17
1133.7
1130.22
1128.63
1127.2
1124.82
1123.78
1125.21
1126.39
1126.11
1125.08
1125.78
1151.98
1256.83
1280.57
1220.88
1175.88
1154.15
1141.36
1133.02
1128.88
1124.95
1121.89
1120.46
1119.36
1119
1119.09
1118.55
1117.64
1117.36
1119.43
1134.35
1235.91
1280.74
1222.82
1168.61
1149.13
1138.39
1128.77
1123.89
1121.47
1119.41
1119.12
1117.93
1117.07
1116.58
1115.84
1115.33
1115.9
1118.15
1128.08
1223.24
1286.06
1237.4
1175.1
1151.33
1139.09
1130.31
1125.85
1122.88
1119.75
1118.87
1117.07
1115.8
1116.01
1117.88
1117.97
1117.16
1117.12
1121.97
1199.71
1272.58
1238.18
1183.85
1158.41
1144.66
1135.36
1131.12
1126.87
1123.35
1120.93
1120.68
1120.21
1118.31
1116.82
1116.01
1116.95
1118.36
1120.66
1180.57
1198.02
1164.34
1144.35
1134.06
1129.92
1127.06
1123.61
1122.4
1122.47
1123.44
1124.25
1123.46
1120.89
1120.3
1120.05
1120.65
1119.88
1120.74
1159.35
1251.77
1246
1196.53
1165.37
1149.18
1139.49
1132.98
1128.53
1125.98
1126.71
1126.74
1124.16
1121.07
1120.43
1121.34
1121.02
1119.4
1120.34
1147.98
1256.06
1280.28
1217.11
1168.18
1148.22
1137.49
1128.21
1124.12
1121.18
1118.15
1116.59
1115.67
1114.97
1112.77
1111.88
1111.36
1113.43
1115.39
1131.03
1231.74
1278.08
1226.14
1178.39
1157.98
1145.72
1137.25
1131.28
1128.71
1127.98
1127.7
1126.58
1124.41
1122.96
1123.22
1122.89
1122.29
1122
1128.42
1211.72
1280.81
1245.4
1194.52
1168.19
1152.65
1141.86
1136.51
1131.92
1128.43
1127.19
1126.59
1125.43
1124.89
1123.9
1123.41
1123.18
1123.26
1127.64
1201.8
1281.95
1254.64
1196.63
1165.27
1148.82
1137.43
1130.12
1126.41
1123.2
1122.28
1121.71
1120.34
1118.71
1116.83
1116.4
1117.39
1118.61
1119.75
1172.51
1271.47
1263.78
1201.32
1165.64
1147.86
1136.62
1128.5
1124.27
1121.99
1121.53
1120.72
1119.27
1117.53
1118.27
1118.2
1117.48
1116.29
1116.48
1149.86
1245.42
1250.13
1200.42
1169.79
1152.46
1141.29
1135.18
1131.59
1127.83
1124.76
1124.67
1125.72
1125.14
1124.44
1123.86
1123.56
1123.16
1122.86
1144.07
1245.34
1270.09
1217.25
1179.16
1158.46
1146.42
1137.33
1132.35
1128.78
1126.6
1126.39
1126.14
1126.48
1126.82
1125.52
1124.45
1123.58
1123.78
1137.41
1232.86
1277.04
1224.58
1175.95
1154.88
1142.37
1131.35
1127.46
1125.17
1122.66
1122.55
1121.74
1120.17
1119.19
1119.47
1118.92
1116.82
1116.42
1122.32
1204.57
1276.97
1244.82
1197.77
1167.9
1149.52
1137.8
1130.06
1125.31
1122.44
1120.04
1118.84
1117.9
1117.96
1118.31
1117.15
1115.79
1115.16
1117.37
1180.6
1261.49
1235.49
1186.76
1164.72
1152.28
1142.74
1136.73
1132.37
1129.55
1128.39
1128.11
1126.82
1126.4
1126.34
1125.98
1125.51
1125.06
1126.08
1171.25
1260.32
1248.76
1198.57
1170.86
1155.68
1144.71
1137.4
1133.18
1129.84
1127.59
1127.02
1126.46
1126.03
1126.01
1126.61
1126.38
1124.79
1124.13
1153.93
1267.85
1304.05
1246.83
1197.65
1173.5
1156.8
1144.9
1138.71
1133.97
1130.73
1129.32
1129.94
1129.37
1128.31
1126.96
1126.22
1127.62
1127.97
1140.52
1228.75
1252.96
1211.33
1177.71
1159.14
1148.2
1140.48
1134.19
1128.95
1126.55
1125.31
1124.28
1124.98
1125.88
1126.6
1127.44
1127.76
1126.65
1135.11
1222.7
1277.83
1235.02
1188.33
1165.55
1151.38
1141.59
1136.81
1132.52
1128.02
1127.09
1126.38
1124.99
1124.86
1125.69
1127.19
1126.44
1125.03
1128.27
1203.61
1270.64
1234.14
1182.91
1159.26
1147.96
1138.6
1132.87
1128.23
1124.27
1123.37
1123.91
1123.96
1123.36
1123.8
1123.51
1123.07
1122.94
1123.51
1177.13
1259.76
1238.2
1193.33
1170.43
1155.73
1144.67
1137.71
1132.99
1130.56
1129.07
1127.4
1126.01
1125
1125.97
1126.28
1126.22
1125.86
1126.7
1160.32
1251.05
1247.35
1201.63
1172.94
1156.03
1145.74
1140.59
1137.55
1133.82
1130.46
1129.57
1128.77
1127.71
1126.9
1126.45
1126.96
1126.77
1126.86
1148.83
1251.58
1273.92
1215.5
1172.86
1154.66
1143.85
1135.58
1131.34
1127.46
1124.93
1123.95
1122.18
1121.95
1121.37
1121.25
1121.03
1120.77
1121.24
1129.89
1216.12
1252.59
1215.34
1182.09
1162.26
1150.3
1142.44
1138.15
1133.15
1129.48
1128.29
1127.21
1126.03
1125.88
1127.81
1128.33
1127.25
1125.9
1131.05
1212.21
1282.79
1245.72
1189.9
1163.62
1148.19
1138.16
1133.14
1129
1126.64
1124.06
1122.75
1122.4
1121.8
1120.58
1119.04
1119.83
1121.72
1124.06
1187.99
1278.74
1257.84
1188.81
1158.04
1143.91
1134.13
1126.71
1122.29
1119.65
1119.02
1118.43
1116.36
1115.65
1115.69
1115.9
1115.72
1117.15
1120.04
1167.42
1267.49
1261.32
1198.09
1164.5
1148.56
1138.32
1131.68
1128.15
1124.95
1123.37
1122.12
1120.09
1118.73
1119.88
1120.54
1119.69
1119.19
1119.02
1146.26
1247.31
1259.67
1206.37
1171.74
1154.65
1144.07
1137.78
1134.5
1129.85
1126.22
1124.95
1125.46
1124.35
1123.41
1121.81
1121.26
1121.91
1123.01
1138.11
1238.99
1284.08
1225.4
1164.38
1144.37
1135.73
1127.86
1121.52
1121.21
1121.82
1122.15
1121.06
1119.32
1118.59
1118.82
1118.23
1117.64
1118.61
1126.81
1215.23
1273.42
1231.2
1176.82
1151.64
1137.61
1128.21
1124.52
1120.9
1119.26
1119.39
1118.37
1115.97
1113.85
1113.41
1113.96
1114.68
1114.59
1119.58
1199.57
1284.18
1255.98
1192.28
1160.24
1145.39
1135.01
1127.9
1124.04
1120.48
1118.51
1117.8
1116.87
1115.18
1114.22
1114.06
1115.51
1116.4
1117.66
1172.34
1264.44
1248.56
1189.35
1160.83
1146.28
1136.83
1128.92
1125.04
1122.89
1123.08
1121.69
1120.63
1118.66
1117.96
1118.52
1117.89
1127.14
1166.63
1182.99
1184.57
1159.43
1134.01
1125.37
1124.87
1123.95
1122.61
1122.46
1122.26
1123.19
1123.64
1122.89
1122.17
1122.08
1121.05
1120.18
1118.71
1118.22
1143.01
1238.9
1262.35
1213.98
1175.69
1156.01
1143.08
1134.61
1130.46
1127.13
1124.67
1123.88
1123.96
1122.64
1120.31
1117.92
1118.95
1120.83
1121.37
1132.91
1232.61
1298.05
1251.76
1192.5
1165.68
1149.95
1138.44
1131.75
1128.5
1127
1126.65
1124.07
1121.95
1121.49
1122.45
1121.93
1120.2
1120.41
1126.16
1202.88
1259.82
1223.44
1180.46
1158.67
1146.31
1137.02
1133.14
1129.56
1125.84
1124.21
1124.68
1125.63
1126.27
1126.79
1127.36
1127.89
1128.47
1128.54
1129.32
1128.61
1128.11
1128.13
1127.5
1127.91
1126.3
1125.57
1124.44
1124.08
1123.48
1124.42
1125.88
1125.85
1124.86
1123.87
1123.78
1123.33
1124.32
1175.97
1264.99
1250.27
1193.12
1164.05
1149.23
1138.22
1130.95
1127.93
1125.71
1124.64
1125.05
1123.58
1121.36
1121.26
1121.6
1120.71
1119.48
1120.73
1152.22
1255.03
1273.59
1215.34
1173.4
1153.71
1141.46
1132.42
1127.68
1122.65
1120.51
1120.34
1120.73
1119.84
1118.94
1119.06
1118.51
1117.44
1117.72
1135.23
1236.62
1270.54
1216.5
1174.65
1157.52
1146.56
1136.7
1131.05
1126.78
1125.57
1124.29
1123.03
1121.97
1122.13
1122.21
1122
1121.65
1121.31
1131.18
1218.5
1259.48
1217.75
1182.17
1164.03
1152.04
1142.73
1137.01
1132.58
1130.41
1129.78
1129.42
1128.37
1128.58
1129.04
1128.45
1126.96
1124.41
1130.35
1216.08
1303.37
1272.03
1207.62
1175.84
1157.93
1144.96
1137.43
1133.39
1129.41
1128.03
1128.47
1128.95
1127.59
1126.37
1126.39
1126.31
1126.2
1127.47
1189.67
1267.82
1240.43
1189.78
1165.16
1151.99
1141.57
1135.06
1129.42
1127.18
1127.47
1126.17
1125.2
1123.23
1123.7
1124.46
1124
1123.93
1124.75
1167.68
1259.61
1253.05
1197.35
1166.71
1150.64
1140.69
1134.61
1130.36
1126.21
1124.8
1125.01
1123.49
1121.7
1121.61
1122.85
1123.29
1122.37
1122.38
1152.62
1248.72
1252.1
1199.56
1168.29
1153.39
1143.79
1136.17
1131.83
1127.26
1124.98
1125.18
1125.35
1124.14
1123.46
1123.63
1123.49
1122.52
1121.47
1135.84
1231.67
1257.88
1211.17
1178.65
1160.78
1148.97
1139.58
1134.19
1130.41
1129.03
1127.74
1125.49
1124.6
1124.42
1125.59
1125.34
1125.31
1125.88
1133.59
1216.12
1259.51
1219.25
1181.04
1159.64
1147.26
1139.65
1135.23
1132.83
1131.5
1130.3
1129.57
1128.11
1127.67
1127.74
1127.69
1128.18
1127.9
1133.74
1213.95
1287.17
1248.2
1183.24
1156.99
1143.21
1133.83
1128.14
1124.76
1121.52
1119.19
1118.02
1117.7
1117.87
1117.49
1117.38
1117.23
1118.33
1121.02
1180.5
1262.89
1241.14
1194.72
1168.59
1154.04
1144.02
1138.02
1133.28
1128.93
1127.78
1126.2
1124.35
1123.59
1125.07
1126.54
1126.06
1125.17
1125.19
1165.45
1261.61
1257.12
1200.58
1166.75
1150.05
1139.41
1133.41
1129.8
1126.17
1123.63
1122.24
1121.98
1120.63
1120.01
1119.5
1119.02
1119.82
1120.58
1146.97
1255.54
1282.93
1215.92
1164.83
1146.64
1136.1
1127.4
1122.42
1120.6
1119.52
1119.36
1117.84
1115.85
1116.06
1116.1
1116.87
1117.14
1118.79
1135.54
1236.37
1276
1220.61
1172.3
1151.94
1141.09
1132.43
1128.12
1124.94
1121.62
1121.12
1118.82
1117.54
1118.89
1119.81
1119.44
1118.39
1118.3
1126.33
1215.2
1274.46
1231.18
1179.95
1156.81
1144.48
1135.16
1130.65
1126.54
1122.82
1121.28
1121.04
1121.09
1119.67
1118.38
1117.76
1117.99
1118.93
1122.81
1200.03
1279.64
1246.25
1176.43
1149.1
1138.58
1131.06
1125.27
1123.26
1122.74
1123.06
1122.2
1120.1
1118.28
1118.47
1117.73
1117.07
1116.74
1119.43
1176.94
1260.98
1242.18
1191.13
1163.16
1147.08
1137.32
1132.56
1128.98
1127.09
1126.66
1126.23
1124.45
1122.02
1121.33
1121.96
1122.58
1121.69
1122.34
1163.65
1264.86
1266.62
1203.34
1163.67
1146.13
1136.1
1128.24
1124.23
1121.66
1119.05
1118.22
1116.6
1114.78
1113.91
1112.97
1112.67
1114.14
1116.11
1138.07
1243.02
1275.99
1220.66
1177.28
1157.42
1145.32
1135.38
1129.43
1125.97
1125.86
1125.64
1124.56
1123.02
1121.96
1121.8
1121.55
1121.52
1121.76
1132.89
1223.35
1264.59
1220.48
1179.44
1157.19
1144.46
1135.12
1131.69
1127.4
1124.78
1123.88
1123.72
1122.23
1121.21
1120.62
1120.55
1120.52
1120.74
1128.83
1216.71
1284.58
1247.46
1192.58
1163.89
1147.87
1136.8
1130.84
1127.05
1125.03
1123.94
1123.4
1122.33
1121.88
1119.59
1119.04
1120.38
1121.75
1124.77
1196.05
1278.16
1249.8
1187.31
1157.45
1141.49
1131.51
1125.36
1122.09
1120.34
1120.05
1119.21
1116.74
1114.83
1116.17
1116.61
1115.03
1115.12
1116.66
1169.55
1256.91
1243.7
1191.88
1163.45
1148.13
1137.07
1130.9
1127.17
1123.82
1121.45
1121.9
1123.85
1123.35
1122.42
1122.78
1123.38
1123.87
1125.06
1164.74
1263.81
1263.16
1207.97
1175.5
1158
1145.79
1137.8
1133.73
1130.09
1128.42
1128.5
1128.84
1128.68
1128.53
1126.48
1124.93
1124.1
1124.89
1148.78
1247.62
1268.69
1210.32
1169.71
1151.52
1140.3
1131
1127.91
1125.67
1123.01
1123.23
1122.49
1119.46
1117.42
1116.43
1115.56
1112.74
1111.35
1122.19
1213.98
1261.5
1215.71
1168.85
1148.19
1136.12
1126.94
1122.47
1118.67
1115.56
1114.46
1113.99
1114.36
1114.34
1114.25
1113.33
1112.48
1112.91
1118.53
1199.99
1261.93
1222.94
1177.28
1156.91
1145.89
1135.86
1129.71
1124.06
1121.41
1121.36
1120.27
1119.31
1118.69
1118.71
1118.71
1118.06
1117.27
1121.34
1191.63
1260.93
1229.31
1184.61
1161.8
1148.63
1137.94
1132.38
1127.67
1124.34
1123.09
1122.64
1122.2
1121.68
1122.21
1121.87
1121.4
1118.68
1119.33
1173.59
1279.37
1280.73
1217.14
1177.9
1157.9
1143.08
1133.14
1127.12
1123.4
1121.58
1121.76
1121.66
1121.07
1120.15
1118.48
1117.4
1118.02
1119.09
1149.53
1242.04
1240.76
1191.4
1161.91
1145.58
1135.84
1129.66
1125.09
1120.94
1119.71
1119.82
1118.88
1116.97
1116.8
1118.58
1119.08
1118.72
1117.83
1135.82
1231.07
1249.33
1201.98
1168.44
1150.33
1139.39
1131.62
1128.18
1124.46
1121.81
1122.15
1121.23
1120.14
1119.43
1120.05
1119.67
1119.36
1117.76
1127.9
1219.72
1261.09
1212.28
1166.7
1146.18
1135.7
1126.99
1121.66
1116.4
1113.57
1113.22
1113.27
1111.73
1110.89
1111.17
1109.95
1108.86
1108.28
1113.39
1190.7
1246.44
1208.8
1171.44
1151.99
1138.58
1128.47
1123.43
1119.61
1117.39
1116.77
1115.97
1114.32
1112.93
1113.41
1114.24
1114.52
1113.97
1115.7
1175.1
1244.65
1216.37
1175.23
1150.62
1136.85
1127.98
1122.51
1119.75
1116.4
1114.23
1111.96
1111.36
1110.53
1110.05
1109.68
1109.39
1109.94
1110.96
1157.98
1251.47
1239.51
1182.46
1152.26
1138.42
1129.15
1124.38
1120.53
1117.59
1117.14
1117.51
1117.98
1118.6
1120.79
1121.49
1121.48
1121.04
1120.83
1148.5
1240.94
1245.56
1207.37
1182.81
1167.99
1158.83
1156.54
1158.45
1160.18
1161.97
1166.01
1169.66
1171.65
1173.88
1176.14
1179.19
1181.71
1187.77
1213.78
1325.67
1368.08
1306.97
1252.38
1227.51
1215.08
1210.99
1210.24
1210.01
1210.12
1213.91
1219.26
1225.89
1229.1
1230.27
1221.67
1206.93
1191.8
1183.79
1262.09
1313.71
1255.76
1188.68
1163.37
1148.5
1138.73
1132.72
1128.07
1124.49
1122.76
1121.71
1121.69
1122.05
1122.72
1123.68
1123.73
1124.51
1130.86
1215.68
1286.82
1247.1
1186.51
1160.51
1146.85
1136.79
1131.36
1127.52
1125.47
1124.77
1122.81
1120.82
1120.53
1121.75
1121.57
1120.94
1120.51
1121.04
1181.51
1261.58
1237.43
1189.32
1164.1
1151.58
1143.6
1138.33
1133.26
1130.88
1129.9
1128.95
1128.03
1126.76
1126.12
1125.2
1124.32
1124.98
1127.12
1169.26
1271.39
1273.23
1202.06
1160.86
1145.13
1135.48
1128.9
1125.23
1123.9
1123.03
1123.44
1122.45
1120.3
1119.61
1119.98
1120.09
1119.25
1118.76
1145.38
1249.22
1271.16
1215.97
1177.97
1168.02
1177.23
1193.67
1211.77
1225.55
1235.31
1242.18
1247.58
1255.06
1261.79
1268.08
1274.99
1277.91
1279.03
1294.86
1397.1
1435.47
1372.28
1314.75
1287.35
1273.63
1268.03
1261.16
1247.7
1230.44
1211.6
1193.23
1177.16
1164.58
1155.85
1147.98
1144.14
1142.62
1149.7
1239.6
1302.33
1257.03
1199.48
1178.4
1170.32
1167.03
1168.59
1171.53
1176.07
1185.44
1194.77
1199
1198.75
1199.48
1200.21
1199.56
1197.54
1201.18
1280.69
1366.4
1342.47
1289.88
1262.65
1248.33
1237.08
1229.07
1224.49
1222.52
1222
1221.51
1220.65
1220.27
1219.38
1218.82
1219.29
1219.79
1222.85
1286.99
1384.77
1373.46
1315.34
1278.61
1259.52
1248.46
1241.88
1236.72
1232.16
1231.96
1233.07
1232.39
1231.26
1230.99
1233.14
1235.68
1238.45
1240.43
1285.2
1397.24
1405.73
1338.32
1299.16
1282.08
1270.67
1263.99
1265.2
1269.79
1273.52
1275.31
1276.88
1277.28
1279.98
1282.2
1300.32
1302.1
1276.94
1304.87
1416.16
1433.16
1376.15
1332.31
1303.5
1282.29
1267.04
1256.74
1249.28
1243.88
1241.46
1240.44
1239.81
1238.85
1236.94
1234.59
1232.88
1233.15
1248.45
1348.86
1382.32
1333.29
1293.42
1270.48
1257.17
1247.84
1243.6
1239.31
1236.29
1235.95
1236.18
1236.08
1234.15
1231.38
1230.24
1228.83
1228.38
1236.82
1330.09
1388.47
1340.97
1286.97
1264.11
1251.55
1239.53
1234.15
1233.52
1231.83
1222.11
1206.97
1192.92
1181.47
1172.97
1166.25
1161.51
1160.15
1161.9
1234.08
1316.08
1291.41
1230.4
1200.38
1184.47
1174.3
1169.25
1163.95
1159.06
1155.89
1155.35
1154.79
1153.77
1155.06
1154.52
1151.75
1149.2
1150.23
1206.87
1295.04
1276.17
1224.39
1202.74
1192.09
1185.53
1183.47
1183.89
1184.21
1184.64
1184.78
1182.93
1177.14
1173.45
1170.76
1169.59
1168.53
1168.87
1212.33
1306.12
1295.65
1246.33
1219.26
1203.72
1194.25
1187.03
1182.1
1178.66
1176.82
1177.37
1174.19
1171.4
1171.26
1170.84
1168.8
1165.81
1165.65
1192.43
1306.11
1345.37
1284.18
1232.63
1207.89
1191.97
1180.65
1175.5
1171.74
1169.46
1170
1171.7
1172.84
1172.5
1172.22
1172.07
1172.25
1173.1
1188.33
1287.29
1322.98
1274.54
1236.32
1220.4
1211.64
1202.67
1196.66
1191.25
1189.48
1189.49
1189.61
1189.6
1190.12
1192.93
1194.29
1194.77
1194.78
1203.09
1291.48
1344.16
1299.47
1251.83
1229.28
1216.14
1207.03
1202.83
1198.08
1194.54
1194.13
1194.42
1194.16
1195.04
1197.33
1199.02
1198.26
1195.84
1198.88
1276.52
1346.12
1308.05
1253.11
1228.69
1215.89
1205.1
1199.87
1196.31
1194.52
1197.18
1201.37
1203.72
1204.44
1205.1
1203.75
1202.39
1203.41
1206.9
1264.23
1351.06
1333.96
1299.84
1283.07
1271.58
1260.57
1250.83
1243.44
1238.23
1235.63
1235.61
1234.72
1233.37
1234.36
1236.38
1237.79
1238.29
1239.87
1275.21
1370.88
1364.83
1317.4
1287.15
1270.66
1262.06
1257.2
1252.02
1245.67
1236.56
1227.7
1219.43
1212.78
1208.71
1207.3
1205.67
1206.02
1206.41
1231.05
1337.18
1358.48
1292.85
1247.1
1230.16
1219.5
1212.63
1209.81
1206.32
1204.35
1203.47
1203.53
1204.91
1206.66
1207.65
1206.5
1204.64
1203.09
1215.4
1307.29
1335.54
1291.74
1257.39
1237.58
1224.9
1218.42
1216.07
1213.47
1211.62
1210.81
1209.92
1207.63
1207.21
1207.84
1208.16
1206.75
1205.37
1203.82
1203.82
1127.94
1123.77
1120.02
1118.32
1118.97
1119.73
1119.24
1117.15
1115.84
1115.93
1116.24
1118.78
1182.91
1269.07
1245.23
1192.85
1165.01
1149.52
1138.22
1131.5
1126.57
1122.96
1122.86
1122.88
1123.23
1122.58
1122.03
1121.45
1120.54
1120.4
1121.54
1171.35
1260.82
1247.07
1192.18
1162.59
1147.44
1135.46
1128.92
1126.14
1123.62
1122.59
1122.1
1121.91
1122.03
1122.08
1121.44
1120.66
1119.52
1119.38
1152.36
1252.14
1262.47
1205.21
1167.23
1149.76
1139.36
1132.19
1126.65
1121.87
1118.98
1118.13
1118.17
1118.08
1118.36
1118.04
1117.42
1116.19
1116.93
1135.35
1232.77
1258.19
1207.41
1171.97
1154.74
1143.82
1135.02
1130.21
1126.31
1124.46
1124.92
1124.19
1122.57
1121.75
1121.71
1122.28
1121.65
1121.43
1132.09
1221.43
1262.94
1217.15
1179.35
1161.02
1148.69
1138.74
1134.06
1130.34
1127.05
1125.54
1124.88
1125.11
1124.88
1124.24
1124.13
1124.2
1122.25
1125.82
1211.6
1299.74
1274.56
1209.81
1175.89
1159
1145.97
1137.88
1131.4
1127.7
1127.24
1127.38
1126.91
1125.73
1124.9
1124.22
1123.99
1124.33
1125.93
1183.98
1257.42
1230.09
1186.35
1162.41
1148.01
1138.88
1133.61
1127.78
1125.06
1124.17
1123.77
1122.58
1120.74
1121.78
1123.52
1123.26
1121.91
1121.4
1164.01
1256.57
1247.26
1195.95
1167.74
1152.39
1142.42
1136.64
1132.67
1128.78
1126.1
1125.17
1124.84
1124.97
1125.06
1126.37
1126.74
1126.49
1125.41
1154.84
1251.92
1256.58
1200.67
1165.66
1149.26
1139.77
1132.08
1127.19
1122.03
1120.64
1121.32
1120.99
1119.75
1119.57
1119.61
1118.67
1118.26
1118.42
1134.11
1228.59
1252.78
1208.03
1176.87
1158.95
1146.03
1137.95
1132.98
1130.14
1128.08
1126.99
1126.55
1126.12
1125.59
1125.5
1125.6
1125.8
1126.45
1133.34
1214.4
1255.08
1216.21
1180.73
1158.28
1145.13
1137
1133.3
1130.3
1126.54
1124.84
1123.23
1122.65
1121.79
1121.2
1121.03
1120.72
1120.27
1124.15
1203.02
1283.01
1248.62
1181.31
1152.29
1140.64
1132.92
1128.28
1124.54
1121.46
1120.09
1119.16
1118.2
1117.34
1118.55
1118.82
1118.3
1118.88
1121.47
1178.9
1253.59
1231.02
1191.21
1167.29
1152.64
1142.13
1137.08
1132.85
1129.27
1127.56
1126.74
1125.24
1123.63
1124.35
1125.3
1125.89
1124.44
1124.17
1167.08
1264.89
1260.62
1200.54
1165.37
1148.51
1138.47
1131.34
1127.08
1124.36
1122.37
1120.69
1119.42
1119.11
1118.98
1117.9
1117.18
1117.88
1119.22
1144.72
1250.03
1271.84
1206.97
1161.3
1144.65
1135.6
1128.05
1123.94
1120.26
1119.25
1119.89
1117.92
1115.59
1115.37
1116.26
1116.07
1116.29
1118.14
1133.68
1232.39
1272.07
1218.91
1172.44
1152.23
1139.98
1131.14
1127.33
1124.6
1122.17
1121.59
1120.16
1119.55
1119.41
1119.83
1120.18
1120.5
1119.76
1121.13
1122.89
1122.27
1121.59
1123.4
1124.21
1124.75
1125.32
1125
1123.21
1123.01
1122.71
1122.86
1122.28
1120.9
1121.02
1120.83
1119.71
1120.26
1123.86
1195
1284.62
1258.42
1183.67
1150.99
1138.42
1131.45
1125.44
1122.63
1121.8
1121.37
1122.16
1120.26
1117.95
1117.95
1118.4
1118.42
1118.11
1119.31
1173
1261.3
1244.33
1189.51
1160.78
1146.19
1135.44
1128.9
1125.7
1124.13
1123.44
1121.98
1120.12
1118.95
1118.02
1117.71
1117.96
1118.23
1119.25
1158.42
1259.18
1260.5
1201.47
1163.95
1146.76
1137.21
1129.31
1124.64
1120.93
1118.84
1118.19
1116.76
1114.76
1114.07
1113.79
1113.39
1114.23
1115.03
1138.64
1241.92
1266.87
1210.09
1168.25
1149.7
1137.59
1129.38
1124.82
1122.32
1121.22
1121.23
1121.12
1119.53
1117.71
1118.18
1119.09
1118.52
1117.31
1128.94
1223.31
1274.53
1229.63
1181.71
1157.73
1143.97
1133.14
1127.12
1122.85
1119.97
1119.27
1118.16
1117.41
1117.36
1115.89
1115.16
1114.95
1115.49
1121.89
1206.66
1278.55
1246.72
1195.5
1165.57
1149.38
1137.97
1131.55
1127.39
1124.54
1124.04
1123.44
1121.83
1120.47
1119.15
1119.17
1119.38
1120.04
1122.88
1191.91
1285.02
1264.98
1200.71
1166.9
1148.37
1135
1127.41
1124.37
1122.52
1121.57
1119.91
1119.4
1117.42
1117.11
1116.34
1115.08
1114.93
1115.39
1161.56
1248.11
1237.86
1191.09
1163.5
1148.41
1138.67
1133.09
1128.98
1126.63
1124.17
1124.13
1125.2
1124.75
1125.17
1124.19
1123.11
1122.74
1123.81
1157.86
1255.46
1256.88
1204.82
1172.81
1153.62
1142.17
1134.91
1130.85
1127.13
1124.83
1125.68
1126.91
1126.73
1125.62
1125.28
1124.9
1124
1123.87
1145.01
1243.95
1269.98
1213.19
1171.68
1152.74
1140.25
1129.72
1126.12
1124.7
1122.9
1122.09
1121.71
1120.6
1119.35
1119.11
1118.35
1117.65
1117.15
1126.34
1218.66
1280.28
1238.92
1184.13
1159.95
1146.7
1136.6
1129.47
1123.7
1122.07
1121.38
1120.91
1119.72
1119.54
1120.29
1119.04
1116.69
1117.25
1122.96
1200.39
1264
1227.61
1183.06
1163.5
1150.17
1139.69
1134.47
1130.12
1127.89
1127.67
1126.81
1125.28
1124.73
1124.25
1125.21
1124.57
1122.67
1124.87
1190.71
1265.48
1236.42
1190.82
1167.45
1154.34
1143.61
1136.1
1132.44
1129.88
1128.4
1126.91
1126.36
1127.38
1127.41
1126.7
1126.29
1125.59
1126.32
1177.64
1285.02
1287.1
1222.3
1181.64
1160.99
1147.01
1137.69
1132.71
1131.61
1131.63
1132.07
1132.1
1130.33
1128.48
1127.4
1126.71
1126.97
1126.6
1157.8
1252.32
1252.31
1202.29
1172.59
1156.77
1145.48
1138.74
1133.48
1128.74
1126.97
1126.41
1125.92
1123.92
1123.87
1124.98
1126.46
1125.88
1124.58
1140.77
1234.72
1260.05
1212.16
1176.26
1157.75
1146.7
1138.3
1134.32
1131.2
1128.59
1127.79
1125.91
1124.89
1124.66
1125.06
1125.38
1125
1124.3
1131.75
1219.85
1266.12
1220.89
1177.27
1157.31
1147.25
1138.44
1133.5
1127.94
1125.03
1125
1125.48
1124.7
1123.86
1124.59
1124.19
1123.82
1123.43
1126.78
1198.09
1256.36
1222.26
1186.49
1166.88
1152.46
1141.14
1135.29
1131.35
1128.93
1127.27
1126.18
1124.63
1123.7
1124.16
1125.03
1125.58
1125.42
1126.42
1180.81
1254.75
1231.06
1188.91
1164.7
1151.65
1143.59
1138.16
1133.97
1131.12
1128.92
1127.51
1126.19
1126.76
1126.85
1126.44
1125.83
1126.14
1128.11
1176.52
1274.49
1263.89
1198.11
1162.59
1145.99
1135.76
1130
1126.49
1121.65
1119.41
1118.27
1117.1
1115.75
1115.53
1116.26
1116
1116.33
1117.01
1145.68
1242.34
1249.22
1204.79
1175.7
1159.27
1147.83
1139.71
1135.87
1131.76
1129.26
1127.69
1127.4
1126.54
1126.65
1127.17
1127.58
1127.64
1126.47
1140.64
1236.82
1270.53
1220.06
1176.91
1156.27
1144.04
1136.45
1132.07
1128.53
1126.12
1124.33
1123.17
1122.91
1123.22
1122.58
1120.98
1121.17
1123.75
1131.71
1219.08
1288.06
1241.89
1175.51
1150.39
1136.99
1129.16
1124.05
1120.63
1117.49
1117.52
1117.68
1116.23
1114.66
1114.54
1116.17
1116.57
1117.6
1121.99
1197.5
1277.52
1243.66
1181.76
1155.71
1143.42
1133.04
1126.34
1123.43
1120.97
1120.46
1118.34
1116.71
1117.22
1118.11
1117.66
1116.69
1117.45
1118.25
1173.57
1263.9
1248
1191.39
1160.71
1146.13
1137.3
1131.51
1126.64
1123.4
1121.98
1120.98
1119.53
1117.86
1118.02
1117.05
1115.5
1115.49
1119.15
1191.2
1283.86
1276.63
1205.55
1164.86
1147.56
1136.34
1128.13
1124.37
1122.3
1121.44
1121.9
1120.99
1119.65
1119.03
1118.81
1118.79
1117.79
1118.01
1142.84
1240.87
1254.19
1205.68
1172.31
1154.79
1143.78
1135.47
1132.4
1130.48
1129.33
1128.38
1126.89
1125.73
1124.29
1123.03
1122.79
1123.34
1124.59
1139.48
1240.17
1288.84
1236.04
1180.59
1155.73
1142.6
1133.66
1127.9
1123.54
1120.26
1118.5
1117.3
1116.17
1114.55
1114.81
1114.78
1164.71
1262.3
1322.25
1334.58
1261.42
1209.84
1176.29
1155.58
1144.41
1136.06
1130.3
1125.64
1124.8
1124.95
1124.83
1123.46
1121.01
1120.06
1120.62
1120.09
1118.87
1119.94
1186.33
1265.69
1242.35
1187.9
1158.96
1145.01
1134.35
1127.56
1123.37
1120.66
1119.82
1118.92
1118.62
1118.35
1117.97
1116.69
1116.39
1116.53
1117.76
1174.22
1264.43
1253.67
1199.01
1165.92
1148.18
1137.26
1130.76
1125.32
1122.38
1122.27
1123
1121.83
1119.39
1118.79
1118.88
1119.4
1119.93
1120.64
1158.55
1268.7
1286.39
1220.88
1174.81
1153.18
1139.27
1129.14
1124.97
1123.19
1120.78
1120.04
1119.22
1117.66
1117.55
1117.6
1117.73
1116.77
1116.25
1138.21
1239.03
1263.8
1210.48
1171.64
1151.64
1139.34
1131.56
1126.67
1123.42
1121.53
1120.95
1119.9
1119.23
1119.01
1118.06
1117.85
1118.02
1118.8
1130.07
1224.68
1267.43
1224.21
1183.82
1161.37
1147.72
1137.71
1133.7
1128.52
1125.66
1125.7
1126.6
1127.34
1126.74
1125.2
1124.47
1123.97
1122.74
1129.04
1213.77
1273.49
1231.44
1176.29
1153.68
1141.32
1130.32
1125.53
1123.52
1120.92
1119.55
1119.62
1118.5
1117.37
1115.99
1115
1114.38
1113.62
1116.05
1185.51
1272.16
1251.09
1188.47
1158.13
1143.2
1133.94
1126.75
1121.82
1117.98
1117.22
1116.92
1116.73
1116.76
1116.73
1116.38
1114.82
1114.91
1117.6
1172.34
1262.17
1244.3
1190.97
1165.52
1151.92
1141.71
1134.72
1129.89
1125.39
1124.32
1123.98
1123.39
1122
1121.18
1122.15
1122.5
1121.43
1121.12
1160.53
1253.89
1247.92
1197.6
1170.03
1155.86
1145.41
1137.44
1132.54
1129.22
1128.17
1126.89
1126.43
1126.3
1126.92
1126.39
1124.89
1123.37
1122.8
1146.35
1256.63
1297.9
1238.67
1188.09
1164.03
1149.5
1139.47
1133.28
1128.22
1125.58
1125.72
1126.06
1124.92
1124.63
1124.25
1123.75
1123.02
1123.84
1134.09
1219.22
1252.79
1212.48
1178.75
1158.8
1146.36
1137.56
1132.29
1127.75
1125.58
1125.4
1124.96
1123.8
1123.03
1124.21
1125.81
1125.39
1123.67
1127.88
1208.74
1277.66
1239.33
1183.92
1158.95
1145.83
1136.59
1131.06
1127.34
1123.68
1121.81
1120.63
1120.15
1120.06
1120.83
1121.83
1121.91
1121.68
1123.76
1193.31
1270.15
1240.18
1183.68
1157.78
1144.82
1135.5
1129.92
1123.83
1119.02
1118.83
1120.48
1120.1
1118.42
1118.59
1118.84
1117.81
1116.32
1116.69
1165.11
1249.05
1231.88
1190.78
1169.22
1155.3
1145.69
1139.86
1136.08
1134.01
1132.36
1131.19
1131.22
1130.21
1129.63
1129.62
1129.32
1129.75
1130.28
1165.34
1253.53
1246.02
1202.26
1171.18
1152.4
1142.05
1135.97
1131.19
1127.55
1125.05
1123.83
1121.62
1120.56
1120.62
1120.56
1119.8
1118.62
1119.02
1140.88
1243.05
1267.08
1211.93
1171.38
1153.61
1142.59
1135.1
1131.73
1126.64
1122.96
1122.58
1122.02
1121.15
1119.31
1120.22
1121.53
1121.46
1120.36
1130.33
1220.92
1261.99
1219.7
1182.23
1162.92
1151.45
1140.57
1134.85
1131.4
1129.75
1127.88
1126.03
1124.63
1124.8
1126.08
1125.79
1125.89
1125.46
1130.39
1211.17
1284.56
1247.86
1189.16
1160.99
1145.47
1136.13
1131.07
1126.87
1124.1
1122.18
1120.49
1119.29
1117.81
1117.69
1117.28
1116.09
1117.23
1121.78
1189.81
1280.76
1257.73
1185.63
1152.96
1138.49
1129.75
1123.61
1121.12
1118.09
1117.65
1116.98
1115.62
1114.73
1114.56
1114.84
1115.15
1115.74
1117.59
1169.21
1270.81
1263.36
1194.36
1157.85
1142.28
1132.48
1125.08
1121.35
1118.41
1116.73
1114.99
1113.17
1112.11
1110.9
1111.2
1111.14
1110.75
1111.3
1112.29
1112.91
1114.26
1115.37
1116.21
1117.67
1119.57
1121.38
1120.49
1118.64
1118.22
1119.23
1119.49
1118.02
1117.23
1117.18
1116.68
1116.27
1117.63
1135.25
1237.87
1281.93
1223.58
1167.67
1147.65
1136.36
1127.79
1122.23
1120.53
1119.48
1119.97
1118.99
1116.7
1114.59
1114.2
1114.15
1113.92
1114.8
1145.31
1238.38
1285.71
1235.4
1179.01
1153.89
1140.16
1129.4
1124.27
1121.95
1121.49
1120.76
1117.99
1115.84
1114.33
1114.23
1113.8
1113.87
1114.12
1120.5
1202.87
1275.05
1238.89
1180.6
1153.89
1141.21
1132.43
1127.53
1123.36
1120.41
1119.4
1118.05
1115.9
1114.08
1114.51
1114.01
1114.53
1115.31
1118.45
1183.33
1272.5
1249.85
1188.65
1161.6
1146.08
1134.12
1126.26
1123.3
1121.78
1120.91
1120.44
1120.02
1118.82
1117.42
1117.67
1118.64
1117.96
1117.72
1161.8
1260.82
1262.03
1209.25
1173.66
1154.87
1142.71
1133.38
1128.01
1124.01
1123.04
1121.82
1120.55
1120.18
1120.01
1119.28
1118.22
1118.5
1119.88
1148.92
1250.35
1271.83
1218.66
1176.98
1153.82
1139.78
1131.43
1126.21
1121.53
1119.84
1120.28
1120.14
1117.41
1115.75
1115.21
1116.06
1116.53
1116.25
1131.79
1237.62
1291.03
1235.99
1176.06
1152.51
1138.53
1127.85
1121.85
1120.74
1119.52
1118.47
1116.99
1115.75
1115.72
1116.9
1117.35
1117.26
1138.94
1161.81
1174.97
1181.29
1168.13
1150.71
1142.15
1136.89
1132.63
1132.18
1130.67
1128.5
1128.57
1129.1
1128.78
1127.96
1127.66
1127.32
1125.72
1125.62
1130.24
1206.57
1276.51
1241.49
1191.85
1166.34
1151.67
1140.17
1134.04
1129.13
1126.16
1125.1
1124.86
1125.97
1126.04
1125.05
1123.9
1122.53
1121.82
1124.22
1187.82
1276.5
1258.06
1198.46
1168.61
1153.18
1140.69
1133.36
1130.1
1128.15
1126.44
1125.05
1123.77
1122.27
1122.03
1121.05
1119.97
1120.51
1121.46
1161.45
1260.57
1265.53
1202.5
1164.23
1146.93
1136.91
1130.26
1125.23
1121.89
1120.99
1121.21
1120.66
1119.3
1118.74
1118.95
1118.11
1116.44
1117.81
1143.32
1243.83
1258.75
1206.1
1173.61
1157.91
1147.08
1137.72
1133.39
1129.63
1127.1
1126.62
1126.45
1125.69
1125.78
1126.43
1126.53
1125.67
1124.55
1139.56
1235.57
1265.98
1216.52
1178.36
1160.04
1149.01
1140.44
1134.88
1130.8
1128.29
1126.92
1127.06
1126.94
1127.02
1126.35
1125.29
1124.72
1123.88
1133.37
1226.31
1306.66
1272.46
1212.35
1179.32
1160.55
1147.85
1139.51
1132.53
1128.16
1128.45
1129.68
1128.74
1128.16
1127.16
1126.54
1125.25
1125.74
1129.67
1199.06
1263.78
1229.42
1185.76
1163.89
1151.46
1141.33
1135.48
1131.34
1128.4
1127.09
1125.62
1124.75
1122.7
1123.68
1125.37
1125.58
1125.15
1125.23
1177.8
1259.5
1239.11
1193.64
1168.55
1155.03
1145.4
1139.95
1136.33
1133.83
1132.57
1131.12
1129.9
1129.98
1131.66
1131.86
1131.44
1130.57
1130.36
1167.47
1254.49
1244.45
1197.62
1170.57
1156.2
1146.18
1139.89
1135.7
1130.65
1129.23
1131.64
1132.21
1129.97
1128.99
1128.36
1128.25
1126.8
1126.6
1148
1242.77
1253.93
1207.89
1180.57
1164.06
1151.8
1142.57
1138.03
1135.13
1132.5
1130.85
1129.39
1129.34
1129.56
1130.59
1131.02
1131.01
1130.74
1140.22
1228.42
1261.48
1217.11
1180.25
1159.52
1149.06
1143.42
1139.88
1135.81
1132.71
1131.39
1128.89
1127.48
1127.07
1127.4
1126.62
1125.78
1126.35
1135.93
1224.17
1286.63
1241.1
1181.07
1156.22
1142.04
1133.58
1129.55
1124.87
1121.52
1120.78
1119.93
1118.95
1118
1117.77
1118.28
1118.85
1118.32
1120.5
1188.33
1253.5
1225.33
1190.35
1169.4
1155.82
1145.64
1139.08
1134.82
1131.22
1129.62
1127.96
1126.66
1126.52
1127.37
1127.67
1127.07
1126.88
1127.76
1177.95
1272.92
1262.31
1205.53
1173.19
1153.38
1141.95
1136.04
1132.18
1129.61
1127.42
1125.54
1124.72
1124.15
1123.03
1121.78
1121.36
1122.71
1124.39
1158.87
1271.14
1295.9
1228.92
1180.86
1159.32
1145.67
1137.04
1132.47
1128.39
1125.78
1125.14
1124.63
1122.47
1121.93
1121.4
1122.14
1122.52
1123.91
1145.98
1251.14
1282.83
1219.06
1169.66
1149.72
1138.48
1129.82
1126.02
1124.04
1121.06
1119.3
1116.53
1116.52
1117.94
1118.16
1117.96
1117.74
1117.65
1126.6
1218.23
1267.25
1224.13
1178.81
1156.4
1145.32
1138.07
1134.23
1129.65
1126.47
1126.06
1125.66
1124.47
1123.27
1122.77
1122.75
1121.79
1122.64
1128.74
1211.58
1282.08
1242.07
1175.19
1149.06
1139.6
1132.16
1126.19
1124.42
1123.94
1123.75
1123.53
1122.48
1120.49
1119.84
1119.59
1120.05
1119.58
1121.65
1189.33
1267.99
1241.64
1186.75
1158.9
1144.64
1135.03
1129.32
1125.18
1124.04
1124.35
1123.34
1121.93
1120.2
1119.72
1119.13
1118.5
1118.81
1128.27
1186.28
1277.56
1265.38
1200.63
1164.36
1147.73
1137.79
1130.36
1126.25
1122
1119.91
1118.81
1117.13
1115.29
1114.4
1114.58
1115.28
1115.88
1116.79
1148.76
1252.51
1265.31
1206.04
1169.56
1152.56
1140.6
1131.62
1128.32
1125.66
1125.53
1125.49
1125.35
1123.55
1121.18
1120.67
1121.1
1121.54
1121.44
1135.84
1227.69
1254.49
1211.87
1177.37
1158.64
1148.09
1140.63
1135.88
1131.71
1130.37
1129.74
1129.36
1127.71
1127.39
1126.88
1126.27
1125.57
1125.64
1136.06
1227.3
1284.29
1241.66
1189.47
1161.42
1145.25
1135.39
1129.61
1124.73
1121.39
1121.71
1122.33
1120.97
1119.47
1117.61
1118.44
1119.49
1119.77
1124.08
1205.27
1287.64
1258.44
1198.29
1168.93
1151.11
1138.43
1131.15
1128.73
1127.11
1125.2
1123.35
1122.47
1121.43
1121.46
1121.61
1121.35
1121.08
1122.22
1183.33
1265.95
1245.93
1191
1161.95
1146.47
1136.56
1131.08
1125.79
1122.54
1121.15
1120.86
1120.93
1119.75
1120.26
1119.52
1117.99
1116.78
1118.15
1166.26
1261.99
1253.48
1201.9
1172.16
1154.17
1141.89
1133.96
1129.78
1126.42
1124.13
1124.7
1125.7
1125.15
1124.23
1123.23
1123.21
1122.76
1122.98
1154.73
1257.28
1269.09
1208.87
1170.22
1152.07
1139.67
1130.16
1126.86
1125.45
1123.64
1123.05
1122.2
1121.5
1120.41
1119.34
1118.82
1118.05
1118.13
1134.39
1234.83
1278.17
1227.95
1179.08
1156.79
1144.27
1134.47
1128.67
1123.59
1121.21
1120.97
1120.47
1119.71
1119.57
1119.49
1132.74
1162.29
1184.24
1202.1
1275.28
1309.53
1248.74
1192.14
1167.52
1153.66
1141.94
1136.06
1130.86
1127.29
1126.08
1125.1
1124.15
1122.64
1121.74
1121.61
1122.56
1121.36
1125.24
1204.56
1268.71
1232.73
1186.96
1165.34
1153
1142.2
1135.66
1131.11
1128.86
1128.83
1128.51
1127.73
1128.09
1128.44
1127.95
1126.64
1124.96
1127.79
1194.04
1295.91
1282.84
1213.23
1176.67
1157.23
1143.21
1134.76
1127.99
1126.3
1126.13
1125.33
1123.16
1122.06
1121.7
1120.7
1120.72
1121.05
1163.26
1250.76
1237.99
1193.14
1168.54
1155.44
1145.77
1139.05
1134.03
1130.21
1129.03
1127.8
1127.14
1125.47
1125.84
1127.76
1127.99
1128.07
1127.36
1154.07
1253.29
1267.39
1210.12
1171.63
1153.07
1141.67
1134.05
1129.12
1124.8
1122.46
1122.28
1121.08
1119.78
1120.52
1121.74
1122.18
1121.36
1120.88
1137.88
1234.94
1265.1
1212.3
1172.84
1155.61
1144.99
1136.02
1131.79
1126.82
1124.11
1125.24
1125.63
1124
1122.72
1122.83
1123.23
1122.77
1122.22
1130.05
1215.07
1253.04
1213.45
1181.59
1163.01
1150.41
1139.7
1134.13
1130.89
1128.63
1127.06
1125.76
1125.85
1124.99
1124.73
1124.88
1124.91
1125.31
1128.33
1200.76
1260.06
1225.88
1185.26
1161.21
1147.66
1139.79
1136.22
1131.78
1128.76
1127.67
1126.54
1125.3
1124.6
1125.19
1125.79
1124.63
1124.06
1126.97
1192.3
1277.87
1252.45
1188.23
1158.01
1143.62
1135.03
1129.85
1125.87
1121.78
1119.35
1118.69
1118.71
1117.5
1117.24
1117.61
1118.1
1118.43
1118.85
1160.16
1253.52
1248.17
1201.38
1172.5
1156.97
1146.96
1139.17
1133.7
1130.22
1128.63
1127.2
1124.82
1123.78
1125.21
1126.39
1126.11
1125.08
1125.78
1151.98
1256.83
1280.57
1220.88
1175.88
1154.15
1141.36
1133.02
1128.88
1124.95
1121.89
1120.46
1119.36
1119
1119.09
1118.55
1117.64
1117.36
1119.43
1134.35
1235.91
1280.74
1222.82
1168.61
1149.13
1138.39
1128.77
1123.89
1121.47
1119.41
1119.12
1117.93
1117.07
1116.58
1115.84
1115.33
1115.9
1118.15
1128.08
1223.24
1286.06
1237.4
1175.1
1151.33
1139.09
1130.31
1125.85
1122.88
1119.75
1118.87
1117.07
1115.8
1116.01
1117.88
1117.97
1117.16
1117.12
1121.97
1199.71
1272.58
1238.18
1183.85
1158.41
1144.66
1135.36
1131.12
1126.87
1123.35
1120.93
1120.68
1120.21
1118.31
1116.82
1116.01
1116.95
1118.36
1120.66
1180.57
1198.02
1164.34
1144.35
1134.06
1129.92
1127.06
1123.61
1122.4
1122.47
1123.44
1124.25
1123.46
1120.89
1120.3
1120.05
1120.65
1119.88
1120.74
1159.35
1251.77
1246
1196.53
1165.37
1149.18
1139.49
1132.98
1128.53
1125.98
1126.71
1126.74
1124.16
1121.07
1120.43
1121.34
1121.02
1119.4
1120.34
1147.98
1256.06
1280.28
1217.11
1168.18
1148.22
1137.49
1128.21
1124.12
1121.18
1118.15
1116.59
1115.67
1114.97
1112.77
1111.88
1111.36
1113.43
1115.39
1131.03
1231.74
1278.08
1226.14
1178.39
1157.98
1145.72
1137.25
1131.28
1128.71
1127.98
1127.7
1126.58
1124.41
1122.96
1123.22
1122.89
1122.29
1122
1128.42
1211.72
1280.81
1245.4
1194.52
1168.19
1152.65
1141.86
1136.51
1131.92
1128.43
1127.19
1126.59
1125.43
1124.89
1123.9
1123.41
1123.18
1123.26
1127.64
1201.8
1281.95
1254.64
1196.63
1165.27
1148.82
1137.43
1130.12
1126.41
1123.2
1122.28
1121.71
1120.34
1118.71
1116.83
1116.4
1117.39
1118.61
1119.75
1172.51
1271.47
1263.78
1201.32
1165.64
1147.86
1136.62
1128.5
1124.27
1121.99
1121.53
1120.72
1119.27
1117.53
1118.27
1118.2
1117.48
1116.29
1116.48
1149.86
1245.42
1250.13
1200.42
1169.79
1152.46
1141.29
1135.18
1131.59
1127.83
1124.76
1124.67
1125.72
1125.14
1124.44
1123.86
1123.56
1123.16
1122.86
1144.07
1245.34
1270.09
1217.25
1179.16
1158.46
1146.42
1137.33
1132.35
1128.78
1126.6
1126.39
1126.14
1126.48
1126.82
1125.52
1124.45
1123.58
1123.78
1137.41
1232.86
1277.04
1224.58
1175.95
1154.88
1142.37
1131.35
1127.46
1125.17
1122.66
1122.55
1121.74
1120.17
1119.19
1119.47
1118.92
1116.82
1116.42
1122.32
1204.57
1276.97
1244.82
1197.77
1167.9
1149.52
1137.8
1130.06
1125.31
1122.44
1120.04
1118.84
1117.9
1117.96
1118.31
1117.15
1115.79
1115.16
1117.37
1180.6
1261.49
1235.49
1186.76
1164.72
1152.28
1142.74
1136.73
1132.37
1129.55
1128.39
1128.11
1126.82
1126.4
1126.34
1125.98
1125.51
1125.06
1126.08
1171.25
1260.32
1248.76
1198.57
1170.86
1155.68
1144.71
1137.4
1133.18
1129.84
1127.59
1127.02
1126.46
1126.03
1126.01
1126.61
1126.38
1124.79
1124.13
1153.93
1267.85
1304.05
1246.83
1197.65
1173.5
1156.8
1144.9
1138.71
1133.97
1130.73
1129.32
1129.94
1129.37
1128.31
1126.96
1126.22
1127.62
1127.97
1140.52
1228.75
1252.96
1211.33
1177.71
1159.14
1148.2
1140.48
1134.19
1128.95
1126.55
1125.31
1124.28
1124.98
1125.88
1126.6
1127.44
1127.76
1126.65
1135.11
1222.7
1277.83
1235.02
1188.33
1165.55
1151.38
1141.59
1136.81
1132.52
1128.02
1127.09
1126.38
1124.99
1124.86
1125.69
1127.19
1126.44
1125.03
1128.27
1203.61
1270.64
1234.14
1182.91
1159.26
1147.96
1138.6
1132.87
1128.23
1124.27
1123.37
1123.91
1123.96
1123.36
1123.8
1123.51
1123.07
1122.94
1123.51
1177.13
1259.76
1238.2
1193.33
1170.43
1155.73
1144.67
1137.71
1132.99
1130.56
1129.07
1127.4
1126.01
1125
1125.97
1126.28
1126.22
1125.86
1126.7
1160.32
1251.05
1247.35
1201.63
1172.94
1156.03
1145.74
1140.59
1137.55
1133.82
1130.46
1129.57
1128.77
1127.71
1126.9
1126.45
1126.96
1126.77
1126.86
1148.83
1251.58
1273.92
1215.5
1172.86
1154.66
1143.85
1135.58
1131.34
1127.46
1124.93
1123.95
1122.18
1121.95
1121.37
1121.25
1121.03
1120.77
1121.24
1129.89
1216.12
1252.59
1215.34
1182.09
1162.26
1150.3
1142.44
1138.15
1133.15
1129.48
1128.29
1127.21
1126.03
1125.88
1127.81
1128.33
1127.25
1125.9
1131.05
1212.21
1282.79
1245.72
1189.9
1163.62
1148.19
1138.16
1133.14
1129
1126.64
1124.06
1122.75
1122.4
1121.8
1120.58
1119.04
1119.83
1121.72
1124.06
1187.99
1278.74
1257.84
1188.81
1158.04
1143.91
1134.13
1126.71
1122.29
1119.65
1119.02
1118.43
1116.36
1115.65
1115.69
1115.9
1115.72
1117.15
1120.04
1167.42
1267.49
1261.32
1198.09
1164.5
1148.56
1138.32
1131.68
1128.15
1124.95
1123.37
1122.12
1120.09
1118.73
1119.88
1120.54
1119.69
1119.19
1119.02
1146.26
1247.31
1259.67
1206.37
1171.74
1154.65
1144.07
1137.78
1134.5
1129.85
1126.22
1124.95
1125.46
1124.35
1123.41
1121.81
1121.26
1121.91
1123.01
1138.11
1238.99
1284.08
1225.4
1164.38
1144.37
1135.73
1127.86
1121.52
1121.21
1121.82
1122.15
1121.06
1119.32
1118.59
1118.82
1118.23
1117.64
1118.61
1126.81
1215.23
1273.42
1231.2
1176.82
1151.64
1137.61
1128.21
1124.52
1120.9
1119.26
1119.39
1118.37
1115.97
1113.85
1113.41
1113.96
1114.68
1114.59
1119.58
1199.57
1284.18
1255.98
1192.28
1160.24
1145.39
1135.01
1127.9
1124.04
1120.48
1118.51
1117.8
1116.87
1115.18
1114.22
1114.06
1115.51
1116.4
1117.66
1172.34
1264.44
1248.56
1189.35
1160.83
1146.28
1136.83
1128.92
1125.04
1122.89
1123.08
1121.69
1120.63
1118.66
1117.96
1118.52
1117.89
1127.14
1166.63
1182.99
1184.57
1159.43
1134.01
1125.37
1124.87
1123.95
1122.61
1122.46
1122.26
1123.19
1123.64
1122.89
1122.17
1122.08
1121.05
1120.18
1118.71
1118.22
1143.01
1238.9
1262.35
1213.98
1175.69
1156.01
1143.08
1134.61
1130.46
1127.13
1124.67
1123.88
1123.96
1122.64
1120.31
1117.92
1118.95
1120.83
1121.37
1132.91
1232.61
1298.05
1251.76
1192.5
1165.68
1149.95
1138.44
1131.75
1128.5
1127
1126.65
1124.07
1121.95
1121.49
1122.45
1121.93
1120.2
1120.41
1126.16
1202.88
1259.82
1223.44
1180.46
1158.67
1146.31
1137.02
1133.14
1129.56
1125.84
1124.21
1124.68
1125.63
1126.27
1126.79
1127.36
1127.89
1128.47
1128.54
1129.32
1128.61
1128.11
1128.13
1127.5
1127.91
1126.3
1125.57
1124.44
1124.08
1123.48
1124.42
1125.88
1125.85
1124.86
1123.87
1123.78
1123.33
1124.32
1175.97
1264.99
1250.27
1193.12
1164.05
1149.23
1138.22
1130.95
1127.93
1125.71
1124.64
1125.05
1123.58
1121.36
1121.26
1121.6
1120.71
1119.48
1120.73
1152.22
1255.03
1273.59
1215.34
1173.4
1153.71
1141.46
1132.42
1127.68
1122.65
1120.51
1120.34
1120.73
1119.84
1118.94
1119.06
1118.51
1117.44
1117.72
1135.23
1236.62
1270.54
1216.5
1174.65
1157.52
1146.56
1136.7
1131.05
1126.78
1125.57
1124.29
1123.03
1121.97
1122.13
1122.21
1122
1121.65
1121.31
1131.18
1218.5
1259.48
1217.75
1182.17
1164.03
1152.04
1142.73
1137.01
1132.58
1130.41
1129.78
1129.42
1128.37
1128.58
1129.04
1128.45
1126.96
1124.41
1130.35
1216.08
1303.37
1272.03
1207.62
1175.84
1157.93
1144.96
1137.43
1133.39
1129.41
1128.03
1128.47
1128.95
1127.59
1126.37
1126.39
1126.31
1126.2
1127.47
1189.67
1267.82
1240.43
1189.78
1165.16
1151.99
1141.57
1135.06
1129.42
1127.18
1127.47
1126.17
1125.2
1123.23
1123.7
1124.46
1124
1123.93
1124.75
1167.68
1259.61
1253.05
1197.35
1166.71
1150.64
1140.69
1134.61
1130.36
1126.21
1124.8
1125.01
1123.49
1121.7
1121.61
1122.85
1123.29
1122.37
1122.38
1152.62
1248.72
1252.1
1199.56
1168.29
1153.39
1143.79
1136.17
1131.83
1127.26
1124.98
1125.18
1125.35
1124.14
1123.46
1123.63
1123.49
1122.52
1121.47
1135.84
1231.67
1257.88
1211.17
1178.65
1160.78
1148.97
1139.58
1134.19
1130.41
1129.03
1127.74
1125.49
1124.6
1124.42
1125.59
1125.34
1125.31
1125.88
1133.59
1216.12
1259.51
1219.25
1181.04
1159.64
1147.26
1139.65
1135.23
1132.83
1131.5
1130.3
1129.57
1128.11
1127.67
1127.74
1127.69
1128.18
1127.9
1133.74
1213.95
1287.17
1248.2
1183.24
1156.99
1143.21
1133.83
1128.14
1124.76
1121.52
1119.19
1118.02
1117.7
1117.87
1117.49
1117.38
1117.23
1118.33
1121.02
1180.5
1262.89
1241.14
1194.72
1168.59
1154.04
1144.02
1138.02
1133.28
1128.93
1127.78
1126.2
1124.35
1123.59
1125.07
1126.54
1126.06
1125.17
1125.19
1165.45
1261.61
1257.12
1200.58
1166.75
1150.05
1139.41
1133.41
1129.8
1126.17
1123.63
1122.24
1121.98
1120.63
1120.01
1119.5
1119.02
1119.82
1120.58
1146.97
1255.54
1282.93
1215.92
1164.83
1146.64
1136.1
1127.4
1122.42
1120.6
1119.52
1119.36
1117.84
1115.85
1116.06
1116.1
1116.87
1117.14
1118.79
1135.54
1236.37
1276
1220.61
1172.3
1151.94
1141.09
1132.43
1128.12
1124.94
1121.62
1121.12
1118.82
1117.54
1118.89
1119.81
1119.44
1118.39
1118.3
1126.33
1215.2
1274.46
1231.18
1179.95
1156.81
1144.48
1135.16
1130.65
1126.54
1122.82
1121.28
1121.04
1121.09
1119.67
1118.38
1117.76
1117.99
1118.93
1122.81
1200.03
1279.64
1246.25
1176.43
1149.1
1138.58
1131.06
1125.27
1123.26
1122.74
1123.06
1122.2
1120.1
1118.28
1118.47
1117.73
1117.07
1116.74
1119.43
1176.94
1260.98
1242.18
1191.13
1163.16
1147.08
1137.32
1132.56
1128.98
1127.09
1126.66
1126.23
1124.45
1122.02
1121.33
1121.96
1122.58
1121.69
1122.34
1163.65
1264.86
1266.62
1203.34
1163.67
1146.13
1136.1
1128.24
1124.23
1121.66
1119.05
1118.22
1116.6
1114.78
1113.91
1112.97
1112.67
1114.14
1116.11
1138.07
1243.02
1275.99
1220.66
1177.28
1157.42
1145.32
1135.38
1129.43
1125.97
1125.86
1125.64
1124.56
1123.02
1121.96
1121.8
1121.55
1121.52
1121.76
1132.89
1223.35
1264.59
1220.48
1179.44
1157.19
1144.46
1135.12
1131.69
1127.4
1124.78
1123.88
1123.72
1122.23
1121.21
1120.62
1120.55
1120.52
1120.74
1128.83
1216.71
1284.58
1247.46
1192.58
1163.89
1147.87
1136.8
1130.84
1127.05
1125.03
1123.94
1123.4
1122.33
1121.88
1119.59
1119.04
1120.38
1121.75
1124.77
1196.05
1278.16
1249.8
1187.31
1157.45
1141.49
1131.51
1125.36
1122.09
1120.34
1120.05
1119.21
1116.74
1114.83
1116.17
1116.61
1115.03
1115.12
1116.66
1169.55
1256.91
1243.7
1191.88
1163.45
1148.13
1137.07
1130.9
1127.17
1123.82
1121.45
1121.9
1123.85
1123.35
1122.42
1122.78
1123.38
1123.87
1125.06
1164.74
1263.81
1263.16
1207.97
1175.5
1158
1145.79
1137.8
1133.73
1130.09
1128.42
1128.5
1128.84
1128.68
1128.53
1126.48
1124.93
1124.1
1124.89
1148.78
1247.62
1268.69
1210.32
1169.71
1151.52
1140.3
1131
1127.91
1125.67
1123.01
1123.23
1122.49
1119.46
1117.42
1116.43
1115.56
1112.74
1111.35
1122.19
1213.98
1261.5
1215.71
1168.85
1148.19
1136.12
1126.94
1122.47
1118.67
1115.56
1114.46
1113.99
1114.36
1114.34
1114.25
1113.33
1112.48
1112.91
1118.53
1199.99
1261.93
1222.94
1177.28
1156.91
1145.89
1135.86
1129.71
1124.06
1121.41
1121.36
1120.27
1119.31
1118.69
1118.71
1118.71
1118.06
1117.27
1121.34
1191.63
1260.93
1229.31
1184.61
1161.8
1148.63
1137.94
1132.38
1127.67
1124.34
1123.09
1122.64
1122.2
1121.68
1122.21
1121.87
1121.4
1118.68
1119.33
1173.59
1279.37
1280.73
1217.14
1177.9
1157.9
1143.08
1133.14
1127.12
1123.4
1121.58
1121.76
1121.66
1121.07
1120.15
1118.48
1117.4
1118.02
1119.09
1149.53
1242.04
1240.76
1191.4
1161.91
1145.58
1135.84
1129.66
1125.09
1120.94
1119.71
1119.82
1118.88
1116.97
1116.8
1118.58
1119.08
1118.72
1117.83
1135.82
1231.07
1249.33
1201.98
1168.44
1150.33
1139.39
1131.62
1128.18
1124.46
1121.81
1122.15
1121.23
1120.14
1119.43
1120.05
1119.67
1119.36
1117.76
1127.9
1219.72
1261.09
1212.28
1166.7
1146.18
1135.7
1126.99
1121.66
1116.4
1113.57
1113.22
1113.27
1111.73
1110.89
1111.17
1109.95
1108.86
1108.28
1113.39
1190.7
1246.44
1208.8
1171.44
1151.99
1138.58
1128.47
1123.43
1119.61
1117.39
1116.77
1115.97
1114.32
1112.93
1113.41
1114.24
1114.52
1113.97
1115.7
1175.1
1244.65
1216.37
1175.23
1150.62
1136.85
1127.98
1122.51
1119.75
1116.4
1114.23
1111.96
1111.36
1110.53
1110.05
1109.68
1109.39
1109.94
1110.96
1157.98
1251.47
1239.51
1182.46
1152.26
1138.42
1129.15
1124.38
1120.53
1117.59
1117.14
1117.51
1117.98
1118.6
1120.79
1121.49
1121.48
1121.04
1120.83
1148.5
1240.94
1245.56
1207.37
1182.81
1167.99
1158.83
1156.54
1158.45
1160.18
1161.97
1166.01
1169.66
1171.65
1173.88
1176.14
1179.19
1181.71
1187.77
1213.78
1325.67
1368.08
1306.97
1252.38
1227.51
1215.08
1210.99
1210.24
1210.01
1210.12
1213.91
1219.26
1225.89
1229.1
1230.27
1221.67
1206.93
1191.8
1183.79
1262.09
1313.71
1255.76
1188.68
1163.37
1148.5
1138.73
1132.72
1128.07
1124.49
1122.76
1121.71
1121.69
1122.05
1122.72
1123.68
1123.73
1124.51
1130.86
1215.68
1286.82
1247.1
1186.51
1160.51
1146.85
1136.79
1131.36
1127.52
1125.47
1124.77
1122.81
1120.82
1120.53
1121.75
1121.57
1120.94
1120.51
1121.04
1181.51
1261.58
1237.43
1189.32
1164.1
1151.58
1143.6
1138.33
1133.26
1130.88
1129.9
1128.95
1128.03
1126.76
1126.12
1125.2
1124.32
1124.98
1127.12
1169.26
1271.39
1273.23
1202.06
1160.86
1145.13
1135.48
1128.9
1125.23
1123.9
1123.03
1123.44
1122.45
1120.3
1119.61
1119.98
1120.09
1119.25
1118.76
1145.38
1249.22
1271.16
1215.97
1177.97
1168.02
1177.23
1193.67
1211.77
1225.55
1235.31
1242.18
1247.58
1255.06
1261.79
1268.08
1274.99
1277.91
1279.03
1294.86
1397.1
1435.47
1372.28
1314.75
1287.35
1273.63
1268.03
1261.16
1247.7
1230.44
1211.6
1193.23
1177.16
1164.58
1155.85
1147.98
1144.14
1142.62
1149.7
1239.6
1302.33
1257.03
1199.48
1178.4
1170.32
1167.03
1168.59
1171.53
1176.07
1185.44
1194.77
1199
1198.75
1199.48
1200.21
1199.56
1197.54
1201.18
1280.69
1366.4
1342.47
1289.88
1262.65
1248.33
1237.08
1229.07
1224.49
1222.52
1222
1221.51
1220.65
1220.27
1219.38
1218.82
1219.29
1219.79
1222.85
1286.99
1384.77
1373.46
1315.34
1278.61
1259.52
1248.46
1241.88
1236.72
1232.16
1231.96
1233.07
1232.39
1231.26
1230.99
1233.14
1235.68
1238.45
1240.43
1285.2
1397.24
1405.73
1338.32
1299.16
1282.08
1270.67
1263.99
1265.2
1269.79
1273.52
1275.31
1276.88
1277.28
1279.98
1282.2
1300.32
1302.1
1276.94
1304.87
1416.16
1433.16
1376.15
1332.31
1303.5
1282.29
1267.04
1256.74
1249.28
1243.88
1241.46
1240.44
1239.81
1238.85
1236.94
1234.59
1232.88
1233.15
1248.45
1348.86
1382.32
1333.29
1293.42
1270.48
1257.17
1247.84
1243.6
1239.31
1236.29
1235.95
1236.18
1236.08
1234.15
1231.38
1230.24
1228.83
1228.38
1236.82
1330.09
1388.47
1340.97
1286.97
1264.11
1251.55
1239.53
1234.15
1233.52
1231.83
1222.11
1206.97
1192.92
1181.47
1172.97
1166.25
1161.51
1160.15
1161.9
1234.08
1316.08
1291.41
1230.4
1200.38
1184.47
1174.3
1169.25
1163.95
1159.06
1155.89
1155.35
1154.79
1153.77
1155.06
1154.52
1151.75
1149.2
1150.23
1206.87
1295.04
1276.17
1224.39
1202.74
1192.09
1185.53
1183.47
1183.89
1184.21
1184.64
1184.78
1182.93
1177.14
1173.45
1170.76
1169.59
1168.53
1168.87
1212.33
1306.12
1295.65
1246.33
1219.26
1203.72
1194.25
1187.03
1182.1
1178.66
1176.82
1177.37
1174.19
1171.4
1171.26
1170.84
1168.8
1165.81
1165.65
1192.43
1306.11
1345.37
1284.18
1232.63
1207.89
1191.97
1180.65
1175.5
1171.74
1169.46
1170
1171.7
1172.84
1172.5
1172.22
1172.07
1172.25
1173.1
1188.33
1287.29
1322.98
1274.54
1236.32
1220.4
1211.64
1202.67
1196.66
1191.25
1189.48
1189.49
1189.61
1189.6
1190.12
1192.93
1194.29
1194.77
1194.78
1203.09
1291.48
1344.16
1299.47
1251.83
1229.28
1216.14
1207.03
1202.83
1198.08
1194.54
1194.13
1194.42
1194.16
1195.04
1197.33
1199.02
1198.26
1195.84
1198.88
1276.52
1346.12
1308.05
1253.11
1228.69
1215.89
1205.1
1199.87
1196.31
1194.52
1197.18
1201.37
1203.72
1204.44
1205.1
1203.75
1202.39
1203.41
1206.9
1264.23
1351.06
1333.96
1299.84
1283.07
1271.58
1260.57
1250.83
1243.44
1238.23
1235.63
1235.61
1234.72
1233.37
1234.36
1236.38
1237.79
1238.29
1239.87
1275.21
1370.88
1364.83
1317.4
1287.15
1270.66
1262.06
1257.2
1252.02
1245.67
1236.56
1227.7
1219.43
1212.78
1208.71
1207.3
1205.67
1206.02
1206.41
1231.05
1337.18
1358.48
1292.85
1247.1
1230.16
1219.5
1212.63
1209.81
1206.32
1204.35
1203.47
1203.53
1204.91
1206.66
1207.65
1206.5
1204.64
1203.09
1215.4
1307.29
1335.54
1291.74
1257.39
1237.58
1224.9
1218.42
1216.07
1213.47
1211.62
1210.81
1209.92
1207.63
1207.21
1207.84
1208.16
1206.75
1205.37
1203.82
1203.82
